1 1 1
2 2 1
3 3 1
4 4 1
5 5 1
6 6 1
7 7 1
8 8 1
9 9 1
10 10 1
11 11 1
12 12 1
13 13 1
14 14 1
15 15 1
16 16 1
17 17 1
18 18 1
19 19 1
20 20 1
21 21 1
22 22 1
23 23 1
24 24 1
25 25 1
26 26 1
27 27 1
28 28 1
29 29 1
30 30 1
31 31 1
32 32 1
33 33 1
34 34 1
35 35 1
36 36 1
37 37 1
38 38 1
39 39 1
40 40 1
41 41 1
42 42 1
43 43 1
44 44 1
45 45 1
46 46 1
47 47 1
48 48 1
49 49 1
50 50 1
51 51 1
52 52 1
53 53 1
54 54 1
55 55 1
56 56 1
57 57 1
58 58 1
59 59 1
60 60 1
61 61 1
62 62 1
63 63 1
64 64 1
65 65 1
66 66 1
67 67 1
68 68 1
69 69 1
70 70 1
71 71 1
72 72 1
73 73 1
74 74 1
1 2 0
2 3 0
3 4 0
4 5 0
5 6 0
6 7 0
7 8 0
8 9 0
9 10 0
10 11 0
11 12 0
12 13 0
13 14 0
14 15 0
15 16 0
16 17 0
17 18 0
18 19 0
19 20 0
20 21 0
21 22 0
22 23 0
23 24 0
24 25 0
25 26 0
26 27 0
27 28 0
28 29 0
29 30 0
30 31 0
31 32 0
32 33 0
33 34 0
34 35 0
35 36 0
36 37 0
37 38 0
38 39 0
39 40 0
40 41 0
41 42 0
42 43 0
43 44 0
44 45 0
45 46 0
46 47 0
47 48 0
48 49 0
49 50 0
50 51 0
51 52 0
52 53 0
53 54 0
54 55 0
55 56 0
56 57 0
57 58 0
58 59 0
59 60 0
60 61 0
61 62 0
62 63 0
63 64 0
64 65 0
65 66 0
66 67 0
67 68 0
68 69 0
69 70 0
70 71 0
71 72 0
72 73 0
73 74 0
27 21 0
37 74 0
21 56 0
7 24 0
13 33 0
11 1 0
40 67 0
61 44 0
9 51 0
60 64 0
33 50 0
73 27 0
62 68 0
41 55 0
65 71 0
2 43 0
73 22 0
61 48 0
36 47 0
66 64 0
42 35 0
67 16 0
68 54 0
28 63 0
21 30 0
28 61 0
35 51 0
10 39 0
35 62 0
42 2 0
3 61 0
40 62 0
32 22 0
26 20 0
69 56 0
29 9 0
16 22 0
21 27 0
15 38 0
63 41 0
28 3 0
68 70 0
46 58 0
47 12 0
65 13 0
36 28 0
36 29 0
21 4 0
39 44 0
51 6 0
42 27 0
69 66 0
55 24 0
32 16 0
71 19 0
23 43 0
32 73 0
11 27 0
36 55 0
5 28 0
48 29 0
71 45 0
9 31 0
39 30 0
30 17 0
60 34 0
19 54 0
29 48 0
32 41 0
36 33 0
42 16 0
72 17 0
66 46 0
67 1 0
27 65 0
6 55 0
18 60 0
27 61 0
72 29 0
50 28 0
39 68 0
52 27 0
20 51 0
32 38 0
37 6 0
14 74 0
16 71 0
58 1 0
1 38 0
44 3 0
41 6 0
47 34 0
2 51 0
72 48 0
56 62 0
9 47 0
58 67 0
38 72 0
29 64 0
5 69 0
57 31 0
39 5 0
64 49 0
65 32 0
38 59 0
25 13 0
6 69 0
42 52 0
21 57 0
40 27 0
42 8 0
16 68 0
21 72 0
41 29 0
16 69 0
32 52 0
56 71 0
51 69 0
6 37 0
70 64 0
58 33 0
24 19 0
19 38 0
22 59 0
55 59 0
69 39 0
37 64 0
27 73 0
5 50 0
59 54 0
2 4 0
54 46 0
1 61 0
52 34 0
11 58 0
18 31 0
14 8 0
32 29 0
69 34 0
51 23 0
29 52 0
21 14 0
58 52 0
36 27 0
44 18 0
28 66 0
30 44 0
65 49 0
34 62 0
16 43 0
60 6 0
41 56 0
64 38 0
1 6 0
72 59 0
36 18 0
35 9 0
40 34 0
1 51 0
48 42 0
55 7 0
8 42 0
42 58 0
55 29 0
33 66 0
31 10 0
48 28 0
9 29 0
40 19 0
47 50 0
48 27 0
30 38 0
73 52 0
2 32 0
14 62 0
40 72 0
10 52 0
28 50 0
34 17 0
24 34 0
17 36 0
48 32 0
50 58 0
74 12 0
19 73 0
7 26 0
26 71 0
6 10 0
22 32 0
33 38 0
38 12 0
25 66 0
72 56 0
14 58 0
16 20 0
71 44 0
34 61 0
38 19 0
24 9 0
71 17 0
45 36 0
25 18 0
74 2 0
5 46 0
74 62 0
39 74 0
67 2 0
20 8 0
24 54 0
68 22 0
8 4 0
67 39 0
54 2 0
12 46 0
43 13 0
48 38 0
66 1 0
62 3 0
11 21 0
26 66 0
21 15 0
14 32 0
35 38 0
35 8 0
20 14 0
64 62 0
10 21 0
70 23 0
6 20 0
66 6 0
70 21 0
52 70 0
37 7 0
7 31 0
25 56 0
22 36 0
43 6 0
43 45 0
27 63 0
37 35 0
74 46 0
2 20 0
62 44 0
56 37 0
59 55 0
48 26 0
66 28 0
66 68 0
11 59 0
24 30 0
22 35 0
52 68 0
4 10 0
38 74 0
62 46 0
63 11 0
49 25 0
50 11 0
22 30 0
46 56 0
52 33 0
44 66 0
9 24 0
12 35 0
71 1 0
68 50 0
30 74 0
2 61 0
41 45 0
54 27 0
11 55 0
38 67 0
66 53 0
32 18 0
2 21 0
68 12 0
55 3 0
12 5 0
49 61 0
39 49 0
55 32 0
28 31 0
37 41 0
24 60 0
55 38 0
49 31 0
55 72 0
69 11 0
68 18 0
49 59 0
67 12 0
9 32 0
45 38 0
53 16 0
66 30 0
19 9 0
26 43 0
26 15 0
47 31 0
30 26 0
9 58 0
10 47 0
22 13 0
21 24 0
56 63 0
46 28 0
30 71 0
44 35 0
57 7 0
9 59 0
38 29 0
72 40 0
64 7 0
52 9 0
42 21 0
68 38 0
10 16 0
4 26 0
48 70 0
28 47 0
63 57 0
71 40 0
40 59 0
16 40 0
13 3 0
46 72 0
27 46 0
2 45 0
49 12 0
73 45 0
18 55 0
66 4 0
43 4 0
35 24 0
46 52 0
8 5 0
50 25 0
23 12 0
57 74 0
13 71 0
74 49 0
60 33 0
18 1 0
72 30 0
14 29 0
21 61 0
52 44 0
34 65 0
71 50 0
22 39 0
50 44 0
49 26 0
2 12 0
9 67 0
19 3 0
70 63 0
34 63 0
39 48 0
73 1 0
73 64 0
33 29 0
23 72 0
26 35 0
19 4 0
29 24 0
14 40 0
12 23 0
38 63 0
59 15 0
60 1 0
32 45 0
51 63 0
42 7 0
43 65 0
23 37 0
49 39 0
51 25 0
62 20 0
39 53 0
45 61 0
53 45 0
23 41 0
43 16 0
13 57 0
68 45 0
25 57 0
38 21 0
40 55 0
74 21 0
71 21 0
74 24 0
34 40 0
16 30 0
5 73 0
2 55 0
47 11 0
30 70 0
35 23 0
70 50 0
4 62 0
61 5 0
6 42 0
71 30 0
68 36 0
69 3 0
22 6 0
53 27 0
53 13 0
45 16 0
17 16 0
69 7 0
48 40 0
47 65 0
54 10 0
8 74 0
23 73 0
44 55 0
64 37 0
74 31 0
37 49 0
25 62 0
1 47 0
52 49 0
20 5 0
42 17 0
56 49 0
59 25 0
57 36 0
53 6 0
68 60 0
64 35 0
64 55 0
24 72 0
63 40 0
18 73 0
56 29 0
4 43 0
73 13 0
12 50 0
32 57 0
13 16 0
62 59 0
30 9 0
7 32 0
53 5 0
43 53 0
15 10 0
8 39 0
13 21 0
34 2 0
28 73 0
29 50 0
36 17 0
54 23 0
9 45 0
55 17 0
38 25 0
11 39 0
30 12 0
30 6 0
64 58 0
3 47 0
4 14 0
22 70 0
6 2 0
11 31 0
14 44 0
13 18 0
21 45 0
70 61 0
62 50 0
62 2 0
48 10 0
63 20 0
20 1 0
40 12 0
39 57 0
16 26 0
43 12 0
74 1 0
71 29 0
39 10 0
26 62 0
64 12 0
64 5 0
2 71 0
3 35 0
37 56 0
35 19 0
69 72 0
69 52 0
65 31 0
20 58 0
49 37 0
65 51 0
65 55 0
7 67 0
43 47 0
56 61 0
45 14 0
1 49 0
31 70 0
10 65 0
19 72 0
23 7 0
24 53 0
11 20 0
72 63 0
55 34 0
36 46 0
31 45 0
20 31 0
53 19 0
49 48 0
61 20 0
73 14 0
31 59 0
20 60 0
52 37 0
46 48 0
33 39 0
56 4 0
21 20 0
8 33 0
27 48 0
57 64 0
51 19 0
10 64 0
32 62 0
58 62 0
25 6 0
15 33 0
39 66 0
39 60 0
37 51 0
8 15 0
43 10 0
17 40 0
19 49 0
11 13 0
36 68 0
9 39 0
33 43 0
15 34 0
67 62 0
67 23 0
40 32 0
20 61 0
27 3 0
15 32 0
22 55 0
22 20 0
47 1 0
32 43 0
13 30 0
38 42 0
32 6 0
74 71 0
1 23 0
16 13 0
67 64 0
49 51 0
2 24 0
49 71 0
65 36 0
56 28 0
53 12 0
11 51 0
25 73 0
48 19 0
51 16 0
62 4 0
25 74 0
45 65 0
9 6 0
65 41 0
18 9 0
5 8 0
9 60 0
26 34 0
25 70 0
50 29 0
40 33 0
66 17 0
60 4 0
64 2 0
62 9 0
48 47 0
66 14 0
20 56 0
18 54 0
34 44 0
66 39 0
28 64 0
62 67 0
12 6 0
48 23 0
34 7 0
12 11 0
17 21 0
31 60 0
13 19 0
6 30 0
74 73 0
10 72 0
49 2 0
50 39 0
5 68 0
27 19 0
71 24 0
22 9 0
74 35 0
33 2 0
60 9 0
35 4 0
53 70 0
10 38 0
5 18 0
52 58 0
55 6 0
31 62 0
59 14 0
3 49 0
73 30 0
43 29 0
19 12 0
3 10 0
17 48 0
65 42 0
40 73 0
17 38 0
7 11 0
27 17 0
8 12 0
32 53 0
38 61 0
41 51 0
57 52 0
57 25 0
54 70 0
35 42 0
69 74 0
16 60 0
1 13 0
15 23 0
8 56 0
17 30 0
35 11 0
35 73 0
68 52 0
64 20 0
58 34 0
49 13 0
62 25 0
53 3 0
11 25 0
6 4 0
24 40 0
66 3 0
60 51 0
67 26 0
59 50 0
74 68 0
61 27 0
62 22 0
50 14 0
71 48 0
3 67 0
54 62 0
20 32 0
70 16 0
72 44 0
18 42 0
38 45 0
1 71 0
8 55 0
17 55 0
8 6 0
29 21 0
13 73 0
23 67 0
53 15 0
20 49 0
7 23 0
42 22 0
26 61 0
35 40 0
10 45 0
11 45 0
16 57 0
11 3 0
45 8 0
2 23 0
19 68 0
21 46 0
56 47 0
43 27 0
15 60 0
48 50 0
38 28 0
8 19 0
17 46 0
36 57 0
51 67 0
47 56 0
12 17 0
51 27 0
10 36 0
4 48 0
10 31 0
40 49 0
48 18 0
73 68 0
33 24 0
3 12 0
52 62 0
69 48 0
47 54 0
69 31 0
23 36 0
52 35 0
61 57 0
43 26 0
57 24 0
73 56 0
54 4 0
62 49 0
1 68 0
10 35 0
69 64 0
70 57 0
8 71 0
1 34 0
74 39 0
6 33 0
56 8 0
64 26 0
20 15 0
51 73 0
15 69 0
2 8 0
62 19 0
58 50 0
71 15 0
33 74 0
14 48 0
59 10 0
35 1 0
54 72 0
12 33 0
74 63 0
58 28 0
73 53 0
42 20 0
5 25 0
69 44 0
58 71 0
36 2 0
25 3 0
57 33 0
46 55 0
44 54 0
43 60 0
10 42 0
25 50 0
2 70 0
49 69 0
5 13 0
40 68 0
73 37 0
73 50 0
4 61 0
12 60 0
48 56 0
56 68 0
12 10 0
73 49 0
9 14 0
61 30 0
54 17 0
13 35 0
3 54 0
48 46 0
17 4 0
49 62 0
34 43 0
47 35 0
25 69 0
49 22 0
60 49 0
32 60 0
33 59 0
47 57 0
58 56 0
18 72 0
5 40 0
38 10 0
54 39 0
8 48 0
62 30 0
19 62 0
19 45 0
53 1 0
8 1 0
71 43 0
33 58 0
22 42 0
38 16 0
25 60 0
11 65 0
42 55 0
48 63 0
71 12 0
52 8 0
57 42 0
68 55 0
44 47 0
42 46 0
60 65 0
15 31 0
48 6 0
34 18 0
70 40 0
28 1 0
11 49 0
5 54 0
34 42 0
72 24 0
63 15 0
29 13 0
43 23 0
42 30 0
11 44 0
17 74 0
68 35 0
6 59 0
13 7 0
44 43 0
22 16 0
23 60 0
21 11 0
69 35 0
57 12 0
57 49 0
8 59 0
15 56 0
35 33 0
42 49 0
62 43 0
62 60 0
62 65 0
28 34 0
26 4 0
34 47 0
52 25 0
51 28 0
53 56 0
30 19 0
34 22 0
36 4 0
24 59 0
38 37 0
62 24 0
45 73 0
1 35 0
27 58 0
16 15 0
61 8 0
9 7 0
19 69 0
1 57 0
40 25 0
39 23 0
68 11 0
55 25 0
60 53 0
58 47 0
28 48 0
31 61 0
52 5 0
9 53 0
55 15 0
33 28 0
65 34 0
47 67 0
67 44 0
7 10 0
56 26 0
28 2 0
52 7 0
47 18 0
21 23 0
47 24 0
50 12 0
19 48 0
64 67 0
15 58 0
10 24 0
62 74 0
34 55 0
63 45 0
16 36 0
69 49 0
24 15 0
17 41 0
7 73 0
16 65 0
18 32 0
42 65 0
10 32 0
28 45 0
3 38 0
52 48 0
73 12 0
27 72 0
29 19 0
12 66 0
49 34 0
15 62 0
15 26 0
4 16 0
33 62 0
69 16 0
40 60 0
24 13 0
5 29 0
30 18 0
72 64 0
22 17 0
70 27 0
3 59 0
47 43 0
2 46 0
18 64 0
30 59 0
35 50 0
69 14 0
60 40 0
27 22 0
4 9 0
45 32 0
10 29 0
67 5 0
1 43 0
21 8 0
45 35 0
3 29 0
46 61 0
31 8 0
40 9 0
49 58 0
26 19 0
1 12 0
69 37 0
43 52 0
70 24 0
63 32 0
28 14 0
36 22 0
11 30 0
57 48 0
11 54 0
43 37 0
25 21 0
37 30 0
3 68 0
60 29 0
66 71 0
50 60 0
16 58 0
32 46 0
66 13 0
57 61 0
35 48 0
46 50 0
50 23 0
23 22 0
41 37 0
5 19 0
59 57 0
27 44 0
6 49 0
5 48 0
61 63 0
4 72 0
2 14 0
47 25 0
57 5 0
37 23 0
43 74 0
15 42 0
71 57 0
61 34 0
59 58 0
48 55 0
44 1 0
47 4 0
44 7 0
64 61 0
65 15 0
39 37 0
11 48 0
36 48 0
43 33 0
72 23 0
73 33 0
72 31 0
64 51 0
35 64 0
73 44 0
22 29 0
39 43 0
15 24 0
65 20 0
66 51 0
12 14 0
66 43 0
34 71 0
41 57 0
70 53 0
74 47 0
32 28 0
19 65 0
58 43 0
20 71 0
28 11 0
35 70 0
29 57 0
8 16 0
22 72 0
11 37 0
36 58 0
28 23 0
51 71 0
33 8 0
4 54 0
55 57 0
20 19 0
64 54 0
38 73 0
28 33 0
42 47 0
48 35 0
62 66 0
46 13 0
54 56 0
13 56 0
15 49 0
47 52 0
35 27 0
60 24 0
23 6 0
69 59 0
42 29 0
51 7 0
71 42 0
10 1 0
59 41 0
41 24 0
48 73 0
66 21 0
23 56 0
55 8 0
3 34 0
32 54 0
39 58 0
71 28 0
20 46 0
21 62 0
1 3 0
24 44 0
47 37 0
13 36 0
38 71 0
34 16 0
68 71 0
5 33 0
19 60 0
50 46 0
62 32 0
18 44 0
9 71 0
56 40 0
29 70 0
70 51 0
48 8 0
63 6 0
53 58 0
40 48 0
38 9 0
42 57 0
17 58 0
68 74 0
18 30 0
12 40 0
44 31 0
44 40 0
6 47 0
26 13 0
13 66 0
47 2 0
56 31 0
15 39 0
26 72 0
34 73 0
55 22 0
42 6 0
46 36 0
28 6 0
58 39 0
7 13 0
26 12 0
33 68 0
17 8 0
23 29 0
68 32 0
73 11 0
52 61 0
65 7 0
37 27 0
67 40 0
60 73 0
37 40 0
17 53 0
22 45 0
23 61 0
70 68 0
16 38 0
56 65 0
11 7 0
41 33 0
37 52 0
10 3 0
32 36 0
1 21 0
63 70 0
19 14 0
61 56 0
59 29 0
46 34 0
14 51 0
52 2 0
36 44 0
16 61 0
40 36 0
35 69 0
69 6 0
58 68 0
21 37 0
54 24 0
42 13 0
31 20 0
33 65 0
8 29 0
64 3 0
4 37 0
34 60 0
30 64 0
27 34 0
70 73 0
72 57 0
67 61 0
44 70 0
72 47 0
68 44 0
47 39 0
57 35 0
24 23 0
16 70 0
5 60 0
8 63 0
39 28 0
43 73 0
39 69 0
31 28 0
37 9 0
36 56 0
33 40 0
7 20 0
58 35 0
19 34 0
54 64 0
29 12 0
12 31 0
45 40 0
51 58 0
28 32 0
17 32 0
29 16 0
54 29 0
43 30 0
65 40 0
74 8 0
69 9 0
14 28 0
53 73 0
74 42 0
30 27 0
5 43 0
37 21 0
20 26 0
43 66 0
30 23 0
14 33 0
30 60 0
60 42 0
50 3 0
67 18 0
34 57 0
38 54 0
32 58 0
54 22 0
43 24 0
72 10 0
61 16 0
69 40 0
12 72 0
23 58 0
30 40 0
47 5 0
9 15 0
49 52 0
3 39 0
14 72 0
1 19 0
63 36 0
32 13 0
54 16 0
57 28 0
30 46 0
63 39 0
3 48 0
44 63 0
57 13 0
51 18 0
25 37 0
69 33 0
51 26 0
66 15 0
5 51 0
17 11 0
67 70 0
24 64 0
19 37 0
52 41 0
65 14 0
26 22 0
8 35 0
46 20 0
53 52 0
28 65 0
57 51 0
15 30 0
31 15 0
73 60 0
7 72 0
58 26 0
43 63 0
71 36 0
55 18 0
45 24 0
62 53 0
59 68 0
43 40 0
11 19 0
63 62 0
26 41 0
28 7 0
55 51 0
12 15 0
60 17 0
60 28 0
51 59 0
6 26 0
26 49 0
61 38 0
30 41 0
46 9 0
62 45 0
3 2 0
6 74 0
48 72 0
44 41 0
17 34 0
56 25 0
66 33 0
24 37 0
34 5 0
20 66 0
4 51 0
67 7 0
53 72 0
58 32 0
10 18 0
7 5 0
3 65 0
31 53 0
55 23 0
30 47 0
14 59 0
6 45 0
41 32 0
46 71 0
2 15 0
24 62 0
5 53 0
23 2 0
48 13 0
12 27 0
35 17 0
10 17 0
44 49 0
46 18 0
17 61 0
32 44 0
38 1 0
31 23 0
73 3 0
68 56 0
71 69 0
51 68 0
68 57 0
4 60 0
52 40 0
53 48 0
22 68 0
68 48 0
63 25 0
45 54 0
22 34 0
63 74 0
70 60 0
7 44 0
28 40 0
12 43 0
30 49 0
16 10 0
54 33 0
29 4 0
61 37 0
57 46 0
66 18 0
29 20 0
58 6 0
50 43 0
18 67 0
13 31 0
52 56 0
50 54 0
39 54 0
13 2 0
9 16 0
50 45 0
14 71 0
66 41 0
50 68 0
52 55 0
73 28 0
26 56 0
50 8 0
11 22 0
9 28 0
4 50 0
61 1 0
13 48 0
65 4 0
6 21 0
62 42 0
66 55 0
4 28 0
54 3 0
25 63 0
63 33 0
35 47 0
10 25 0
2 68 0
69 38 0
70 56 0
56 44 0
23 55 0
63 29 0
4 39 0
58 21 0
43 71 0
4 13 0
71 11 0
50 17 0
30 11 0
40 44 0
21 63 0
19 40 0
66 58 0
45 37 0
8 22 0
42 41 0
56 50 0
10 71 0
64 44 0
7 50 0
39 9 0
50 22 0
64 30 0
59 56 0
21 47 0
74 28 0
46 15 0
13 39 0
28 21 0
22 21 0
54 58 0
25 4 0
70 49 0
38 69 0
3 52 0
31 54 0
12 63 0
1 8 0
3 71 0
57 1 0
40 23 0
47 13 0
26 8 0
47 53 0
1 28 0
32 27 0
63 69 0
42 24 0
53 36 0
12 9 0
66 59 0
11 62 0
69 45 0
71 33 0
12 44 0
54 11 0
27 51 0
23 1 0
61 67 0
2 62 0
46 3 0
40 45 0
48 69 0
41 63 0
8 67 0
6 1 0
68 14 0
4 31 0
46 17 0
74 13 0
22 64 0
69 54 0
2 9 0
18 22 0
41 30 0
66 5 0
56 55 0
29 23 0
3 72 0
14 10 0
59 62 0
45 33 0
66 50 0
19 32 0
6 18 0
33 31 0
36 7 0
21 60 0
2 56 0
17 67 0
61 40 0
36 74 0
47 70 0
25 55 0
13 32 0
40 42 0
41 64 0
60 22 0
34 20 0
64 50 0
46 51 0
35 34 0
22 28 0
59 51 0
28 25 0
37 19 0
54 48 0
65 9 0
24 65 0
58 60 0
65 72 0
32 51 0
71 34 0
65 38 0
60 13 0
21 10 0
63 37 0
56 32 0
61 26 0
67 66 0
68 6 0
67 53 0
46 35 0
10 74 0
53 44 0
23 9 0
40 53 0
32 5 0
2 19 0
43 56 0
45 21 0
27 43 0
25 33 0
67 10 0
17 12 0
25 71 0
67 55 0
37 25 0
30 42 0
39 13 0
42 4 0
49 66 0
28 58 0
56 59 0
16 4 0
11 10 0
70 31 0
33 41 0
59 46 0
41 54 0
55 33 0
39 67 0
32 64 0
68 1 0
69 62 0
15 70 0
71 22 0
61 18 0
18 26 0
68 73 0
4 22 0
53 29 0
64 18 0
17 20 0
11 18 0
21 16 0
35 39 0
22 12 0
15 40 0
70 12 0
32 50 0
43 55 0
72 62 0
33 69 0
36 65 0
51 45 0
47 26 0
49 3 0
6 38 0
44 15 0
18 49 0
1 54 0
7 36 0
38 56 0
38 48 0
34 15 0
44 46 0
48 30 0
46 54 0
15 51 0
46 1 0
12 19 0
42 51 0
59 32 0
68 7 0
48 45 0
15 36 0
31 64 0
29 42 0
41 15 0
39 62 0
19 57 0
55 5 0
4 33 0
61 64 0
14 12 0
70 39 0
41 20 0
74 54 0
13 23 0
7 55 0
53 67 0
47 17 0
37 58 0
63 61 0
9 30 0
41 10 0
25 28 0
58 11 0
72 43 0
11 69 0
19 6 0
31 56 0
17 50 0
4 17 0
4 52 0
36 72 0
16 34 0
8 34 0
39 72 0
62 18 0
38 44 0
68 25 0
63 55 0
73 59 0
33 10 0
51 40 0
24 61 0
46 44 0
62 21 0
28 56 0
8 43 0
19 63 0
53 62 0
59 11 0
69 13 0
72 18 0
6 50 0
33 49 0
46 39 0
45 48 0
25 19 0
19 10 0
45 64 0
1 64 0
51 57 0
5 37 0
41 70 0
39 32 0
70 2 0
3 30 0
50 72 0
72 42 0
26 48 0
44 26 0
9 34 0
73 69 0
6 12 0
71 52 0
54 71 0
63 2 0
70 66 0
11 57 0
9 18 0
11 42 0
29 11 0
26 1 0
28 59 0
44 29 0
32 10 0
47 61 0
19 33 0
33 17 0
37 68 0
7 2 0
39 12 0
55 49 0
17 1 0
52 45 0
41 17 0
48 2 0
3 57 0
20 43 0
26 63 0
59 71 0
38 68 0
66 44 0
47 63 0
44 2 0
21 13 0
59 27 0
54 1 0
14 42 0
53 46 0
6 22 0
47 32 0
38 31 0
70 6 0
33 9 0
16 19 0
5 23 0
74 27 0
69 30 0
12 28 0
38 66 0
57 19 0
47 15 0
31 44 0
53 10 0
13 72 0
48 37 0
53 61 0
54 66 0
69 58 0
20 35 0
70 28 0
65 70 0
51 41 0
12 18 0
51 66 0
74 3 0
71 51 0
9 25 0
16 25 0
42 19 0
61 45 0
62 57 0
68 63 0
51 29 0
20 70 0
69 1 0
36 24 0
9 72 0
45 18 0
8 30 0
29 63 0
57 53 0
7 30 0
58 31 0
41 22 0
56 64 0
25 58 0
63 51 0
64 59 0
24 74 0
15 52 0
42 72 0
23 4 0
22 58 0
8 32 0
72 37 0
65 17 0
74 66 0
3 70 0
72 33 0
61 22 0
50 40 0
64 17 0
64 46 0
49 72 0
58 8 0
74 26 0
6 64 0
36 38 0
45 3 0
61 65 0
33 53 0
74 44 0
3 64 0
40 71 0
49 36 0
34 14 0
25 1 0
53 24 0
57 37 0
1 30 0
41 74 0
70 11 0
5 66 0
55 36 0
62 12 0
70 20 0
72 20 0
46 8 0
29 56 0
17 72 0
20 50 0
12 45 0
15 67 0
4 27 0
17 42 0
44 58 0
65 69 0
4 73 0
22 47 0
7 19 0
61 66 0
41 59 0
17 66 0
50 20 0
67 6 0
46 45 0
69 17 0
16 46 0
33 1 0
9 74 0
19 56 0
21 70 0
71 18 0
52 23 0
22 1 0
23 38 0
26 10 0
48 59 0
22 61 0
56 73 0
49 60 0
52 59 0
23 31 0
58 70 0
10 22 0
26 11 0
20 27 0
50 6 0
65 35 0
16 2 0
18 29 0
51 24 0
39 42 0
60 70 0
24 49 0
45 28 0
69 5 0
67 29 0
51 56 0
68 16 0
69 57 0
36 14 0
10 54 0
37 18 0
19 55 0
15 11 0
45 58 0
31 41 0
70 17 0
23 69 0
52 42 0
15 55 0
31 3 0
27 39 0
74 15 0
70 32 0
69 55 0
51 35 0
54 45 0
57 41 0
27 15 0
64 73 0
68 8 0
19 15 0
9 33 0
5 64 0
68 49 0
52 26 0
15 28 0
28 72 0
28 20 0
43 21 0
54 41 0
24 17 0
17 54 0
39 14 0
28 22 0
55 43 0
15 27 0
72 27 0
31 5 0
32 25 0
13 74 0
7 47 0
62 39 0
69 29 0
63 67 0
39 19 0
10 27 0
70 1 0
56 15 0
2 54 0
38 24 0
1 46 0
38 43 0
19 24 0
60 14 0
50 42 0
17 64 0
66 52 0
10 51 0
41 12 0
2 66 0
16 73 0
68 10 0
61 55 0
27 67 0
13 37 0
25 49 0
63 59 0
12 55 0
24 31 0
49 19 0
16 33 0
17 43 0
38 18 0
