1 1 1
2 2 1
3 3 1
4 4 1
5 5 1
6 6 1
7 7 1
8 8 1
9 9 1
10 10 1
11 11 1
12 12 1
13 13 1
14 14 1
15 15 1
16 16 1
17 17 1
18 18 1
19 19 1
20 20 1
21 21 1
22 22 1
23 23 1
24 24 1
25 25 1
26 26 1
27 27 1
28 28 1
29 29 1
30 30 1
31 31 1
32 32 1
33 33 1
34 34 1
35 35 1
36 36 1
37 37 1
38 38 1
39 39 1
40 40 1
41 41 1
42 42 1
43 43 1
44 44 1
45 45 1
46 46 1
47 47 1
48 48 1
49 49 1
50 50 1
51 51 1
52 52 1
53 53 1
54 54 1
55 55 1
1 2 0
2 3 0
3 4 0
4 5 0
5 6 0
6 7 0
7 8 0
8 9 0
9 10 0
10 11 0
11 12 0
12 13 0
13 14 0
14 15 0
15 16 0
16 17 0
17 18 0
18 19 0
19 20 0
20 21 0
21 22 0
22 23 0
23 24 0
24 25 0
25 26 0
26 27 0
27 28 0
28 29 0
29 30 0
30 31 0
31 32 0
32 33 0
33 34 0
34 35 0
35 36 0
36 37 0
37 38 0
38 39 0
39 40 0
40 41 0
41 42 0
42 43 0
43 44 0
44 45 0
45 46 0
46 47 0
47 48 0
48 49 0
49 50 0
50 51 0
51 52 0
52 53 0
53 54 0
54 55 0
52 17 0
19 3 0
2 15 0
27 47 0
28 32 0
16 48 0
17 11 0
50 4 0
29 42 0
21 37 0
9 14 0
39 3 0
4 15 0
25 39 0
11 37 0
12 31 0
51 6 0
51 42 0
39 33 0
52 49 0
24 52 0
7 10 0
15 26 0
7 18 0
35 44 0
15 51 0
50 18 0
54 22 0
45 13 0
31 1 0
53 39 0
3 45 0
43 50 0
27 16 0
29 41 0
10 18 0
9 18 0
32 45 0
50 21 0
41 48 0
44 41 0
43 55 0
7 41 0
14 28 0
14 11 0
47 53 0
34 8 0
12 48 0
52 18 0
17 50 0
25 51 0
47 34 0
41 7 0
18 39 0
23 55 0
7 22 0
12 55 0
52 21 0
16 8 0
24 7 0
27 6 0
50 10 0
41 5 0
24 50 0
30 55 0
22 52 0
33 44 0
44 55 0
9 37 0
3 41 0
3 43 0
49 6 0
53 33 0
19 54 0
17 29 0
39 47 0
13 18 0
1 51 0
55 28 0
12 22 0
16 14 0
41 44 0
19 29 0
37 31 0
42 48 0
32 12 0
28 8 0
42 51 0
11 13 0
23 12 0
19 43 0
16 20 0
30 35 0
26 21 0
1 30 0
9 11 0
6 31 0
33 35 0
13 12 0
18 41 0
40 51 0
41 36 0
11 33 0
45 39 0
45 43 0
43 34 0
24 6 0
48 54 0
50 17 0
19 18 0
52 6 0
5 19 0
5 32 0
44 6 0
25 15 0
49 13 0
14 5 0
17 36 0
32 21 0
50 5 0
12 49 0
29 51 0
1 41 0
38 36 0
38 34 0
35 40 0
22 42 0
36 31 0
11 19 0
28 52 0
27 46 0
22 6 0
39 42 0
27 26 0
47 38 0
49 37 0
21 18 0
28 22 0
5 52 0
35 48 0
25 44 0
5 47 0
21 16 0
17 54 0
21 6 0
42 33 0
44 29 0
20 2 0
29 3 0
20 30 0
28 38 0
45 47 0
25 42 0
4 25 0
40 48 0
19 15 0
19 28 0
27 7 0
29 50 0
22 16 0
35 51 0
34 24 0
16 10 0
44 43 0
34 41 0
48 2 0
9 44 0
21 19 0
26 46 0
46 53 0
32 24 0
37 46 0
51 36 0
6 26 0
20 51 0
42 38 0
46 32 0
30 32 0
14 32 0
46 52 0
33 42 0
28 9 0
40 17 0
14 54 0
36 38 0
32 26 0
18 51 0
46 28 0
21 23 0
23 46 0
18 34 0
45 14 0
26 43 0
25 5 0
46 31 0
22 4 0
11 45 0
19 31 0
4 39 0
52 24 0
45 38 0
21 43 0
55 11 0
16 36 0
48 23 0
51 25 0
4 29 0
32 7 0
21 32 0
26 35 0
53 37 0
43 24 0
4 21 0
6 38 0
36 35 0
28 53 0
30 10 0
41 20 0
40 14 0
7 39 0
15 4 0
3 40 0
2 42 0
33 6 0
19 42 0
34 43 0
14 37 0
49 38 0
12 9 0
13 43 0
38 45 0
19 5 0
25 34 0
51 49 0
45 28 0
23 10 0
42 1 0
55 41 0
21 54 0
24 17 0
48 53 0
19 26 0
35 19 0
49 17 0
44 49 0
46 37 0
40 6 0
29 20 0
8 13 0
7 51 0
4 36 0
45 35 0
25 4 0
20 46 0
41 33 0
43 6 0
47 3 0
27 54 0
2 5 0
38 49 0
33 7 0
53 9 0
17 6 0
44 12 0
24 29 0
5 18 0
12 39 0
4 17 0
46 22 0
27 32 0
49 42 0
50 8 0
50 14 0
37 28 0
48 21 0
37 52 0
39 46 0
26 20 0
34 6 0
44 7 0
12 54 0
27 30 0
44 32 0
25 31 0
40 33 0
3 17 0
22 26 0
3 18 0
34 22 0
28 23 0
9 2 0
46 6 0
20 32 0
34 42 0
34 16 0
43 40 0
33 2 0
3 33 0
55 13 0
41 54 0
8 37 0
19 35 0
25 38 0
8 21 0
19 27 0
2 53 0
41 6 0
52 38 0
2 30 0
21 17 0
26 12 0
22 7 0
48 33 0
52 11 0
18 35 0
29 10 0
54 40 0
3 15 0
21 49 0
8 22 0
28 55 0
18 53 0
49 47 0
30 11 0
34 11 0
12 52 0
35 14 0
20 13 0
55 14 0
37 40 0
55 9 0
32 17 0
3 44 0
9 20 0
38 7 0
19 32 0
21 2 0
2 21 0
39 26 0
26 7 0
53 22 0
37 45 0
35 42 0
46 48 0
17 14 0
22 5 0
51 22 0
6 37 0
42 12 0
15 18 0
33 9 0
1 39 0
36 22 0
31 44 0
6 23 0
50 34 0
43 53 0
12 11 0
8 35 0
22 53 0
38 55 0
34 3 0
50 2 0
4 24 0
46 35 0
42 40 0
51 10 0
49 21 0
20 23 0
53 15 0
19 22 0
24 42 0
9 27 0
20 1 0
14 53 0
32 30 0
46 16 0
51 45 0
51 35 0
40 20 0
42 7 0
2 20 0
12 8 0
5 13 0
37 43 0
54 1 0
30 15 0
8 11 0
31 43 0
49 24 0
26 39 0
54 35 0
53 14 0
53 55 0
18 7 0
8 42 0
16 1 0
27 12 0
23 35 0
41 45 0
9 24 0
13 41 0
34 17 0
15 36 0
13 29 0
17 13 0
48 25 0
7 12 0
14 40 0
11 16 0
18 25 0
51 5 0
32 10 0
47 17 0
40 18 0
50 22 0
2 25 0
37 50 0
24 51 0
50 19 0
53 23 0
22 10 0
4 49 0
21 42 0
28 19 0
32 34 0
51 3 0
46 34 0
2 14 0
7 6 0
33 39 0
15 49 0
29 21 0
50 31 0
9 26 0
27 4 0
9 13 0
12 27 0
29 15 0
13 7 0
28 36 0
30 44 0
2 35 0
5 2 0
25 14 0
49 12 0
1 55 0
34 20 0
49 43 0
30 29 0
45 23 0
21 47 0
39 19 0
33 46 0
36 39 0
28 12 0
8 51 0
26 24 0
50 6 0
1 27 0
30 34 0
33 8 0
36 9 0
36 49 0
24 34 0
10 40 0
4 2 0
3 6 0
16 18 0
2 33 0
52 45 0
19 11 0
14 18 0
44 36 0
16 54 0
16 26 0
27 18 0
13 15 0
34 27 0
46 42 0
22 36 0
49 25 0
42 17 0
12 47 0
45 31 0
17 46 0
10 41 0
46 45 0
48 19 0
1 45 0
3 24 0
53 44 0
3 9 0
20 19 0
29 4 0
52 54 0
39 32 0
46 5 0
4 47 0
41 37 0
15 27 0
53 41 0
35 53 0
29 36 0
22 55 0
21 48 0
50 11 0
41 8 0
53 31 0
33 4 0
4 55 0
18 2 0
43 38 0
22 21 0
25 2 0
51 32 0
31 22 0
7 3 0
32 47 0
51 39 0
8 47 0
31 53 0
38 8 0
12 4 0
14 6 0
44 52 0
30 24 0
36 30 0
55 34 0
15 54 0
18 47 0
9 40 0
33 31 0
10 19 0
31 35 0
18 24 0
39 8 0
45 36 0
41 40 0
34 26 0
6 30 0
12 21 0
49 41 0
21 7 0
29 38 0
50 55 0
42 5 0
19 2 0
37 1 0
15 5 0
7 55 0
37 25 0
38 19 0
16 39 0
11 15 0
52 36 0
48 3 0
27 24 0
36 26 0
49 29 0
5 8 0
22 1 0
8 20 0
13 3 0
39 17 0
31 16 0
19 41 0
17 40 0
19 13 0
43 51 0
8 24 0
32 16 0
41 38 0
31 10 0
55 5 0
17 12 0
46 21 0
49 10 0
11 9 0
43 23 0
36 23 0
32 49 0
22 39 0
55 15 0
9 8 0
42 49 0
38 41 0
8 46 0
53 4 0
31 23 0
17 38 0
6 28 0
34 48 0
25 43 0
53 27 0
17 35 0
6 27 0
6 35 0
7 4 0
50 46 0
8 45 0
18 15 0
3 10 0
49 33 0
24 53 0
45 29 0
5 7 0
8 15 0
41 53 0
46 29 0
37 47 0
25 7 0
43 10 0
42 27 0
17 31 0
35 22 0
45 17 0
22 35 0
48 4 0
22 25 0
11 18 0
20 50 0
6 52 0
12 38 0
53 6 0
50 28 0
48 10 0
31 5 0
11 29 0
14 49 0
16 50 0
17 9 0
33 55 0
29 17 0
4 32 0
18 11 0
44 8 0
7 34 0
35 31 0
20 45 0
10 28 0
19 48 0
51 8 0
37 54 0
11 20 0
47 14 0
26 42 0
16 33 0
10 23 0
44 22 0
15 22 0
49 35 0
16 37 0
43 19 0
37 15 0
20 10 0
48 7 0
53 19 0
47 35 0
9 30 0
17 3 0
23 54 0
13 42 0
47 33 0
27 49 0
22 45 0
39 9 0
45 19 0
39 43 0
10 8 0
48 29 0
10 27 0
41 15 0
47 37 0
40 52 0
9 29 0
12 16 0
39 45 0
48 14 0
41 49 0
3 11 0
40 44 0
30 27 0
37 30 0
18 3 0
23 5 0
38 12 0
43 49 0
54 45 0
51 43 0
55 36 0
20 42 0
41 52 0
40 28 0
29 27 0
17 5 0
47 4 0
31 28 0
55 32 0
21 3 0
35 43 0
48 35 0
33 27 0
47 28 0
8 44 0
17 7 0
16 47 0
12 29 0
29 35 0
47 16 0
18 38 0
32 4 0
3 54 0
19 51 0
52 44 0
10 13 0
48 40 0
19 55 0
49 55 0
25 10 0
19 1 0
14 41 0
1 43 0
44 5 0
21 31 0
30 17 0
40 10 0
14 7 0
4 1 0
46 54 0
16 19 0
12 17 0
1 44 0
38 24 0
38 9 0
4 33 0
45 22 0
30 2 0
4 52 0
38 4 0
36 50 0
14 17 0
25 11 0
21 50 0
4 23 0
8 49 0
3 28 0
7 28 0
6 2 0
35 3 0
10 43 0
14 21 0
16 22 0
3 48 0
3 13 0
16 25 0
23 50 0
43 8 0
54 51 0
25 48 0
21 38 0
5 34 0
46 38 0
23 7 0
17 1 0
6 53 0
30 7 0
6 21 0
42 44 0
18 33 0
37 24 0
46 33 0
26 2 0
34 37 0
21 10 0
17 22 0
16 27 0
2 18 0
26 34 0
44 46 0
18 32 0
17 55 0
7 47 0
21 52 0
2 31 0
18 48 0
49 15 0
49 44 0
34 1 0
19 30 0
1 35 0
24 36 0
33 18 0
11 35 0
14 38 0
15 35 0
39 23 0
24 21 0
8 10 0
31 37 0
28 48 0
30 47 0
45 16 0
26 28 0
4 38 0
49 5 0
37 19 0
2 17 0
49 14 0
55 51 0
15 50 0
4 11 0
47 5 0
25 28 0
5 37 0
15 20 0
19 44 0
16 53 0
32 23 0
50 29 0
24 9 0
35 37 0
31 36 0
25 30 0
19 17 0
50 23 0
54 12 0
31 9 0
43 39 0
22 18 0
55 44 0
19 37 0
20 33 0
33 36 0
22 50 0
5 33 0
19 25 0
47 51 0
18 45 0
27 1 0
8 6 0
47 29 0
34 55 0
32 39 0
22 54 0
26 30 0
18 50 0
55 22 0
13 1 0
10 16 0
51 27 0
32 43 0
17 51 0
32 51 0
26 41 0
37 49 0
32 44 0
13 34 0
36 17 0
41 22 0
2 51 0
37 2 0
55 29 0
22 40 0
50 32 0
9 32 0
8 38 0
39 38 0
1 40 0
27 8 0
48 24 0
22 2 0
31 47 0
18 12 0
46 43 0
49 36 0
4 37 0
43 52 0
39 2 0
36 25 0
28 54 0
24 15 0
10 44 0
53 18 0
1 36 0
5 43 0
6 13 0
19 4 0
34 12 0
15 31 0
41 32 0
14 9 0
12 1 0
54 7 0
8 16 0
12 28 0
25 12 0
28 34 0
9 33 0
38 16 0
42 4 0
45 21 0
16 55 0
12 53 0
15 43 0
43 1 0
51 46 0
30 49 0
30 54 0
2 45 0
25 17 0
7 25 0
34 7 0
26 19 0
12 18 0
