1 1 1
2 2 1
3 3 1
4 4 1
5 5 1
6 6 1
7 7 1
8 8 1
9 9 1
10 10 1
11 11 1
12 12 1
13 13 1
14 14 1
15 15 1
16 16 1
17 17 1
18 18 1
19 19 1
20 20 1
21 21 1
22 22 1
23 23 1
24 24 1
25 25 1
26 26 1
27 27 1
28 28 1
29 29 1
30 30 1
31 31 1
32 32 1
33 33 1
34 34 1
35 35 1
36 36 1
37 37 1
38 38 1
39 39 1
40 40 1
41 41 1
42 42 1
1 2 0
2 3 0
3 4 0
4 5 0
5 6 0
6 7 0
7 8 0
8 9 0
9 10 0
10 11 0
11 12 0
12 13 0
13 14 0
14 15 0
15 16 0
16 17 0
17 18 0
18 19 0
19 20 0
20 21 0
21 22 0
22 23 0
23 24 0
24 25 0
25 26 0
26 27 0
27 28 0
28 29 0
29 30 0
30 31 0
31 32 0
32 33 0
33 34 0
34 35 0
35 36 0
36 37 0
37 38 0
38 39 0
39 40 0
40 41 0
41 42 0
38 2 0
23 7 0
34 22 0
29 23 0
31 26 0
21 38 0
14 19 0
1 15 0
4 18 0
2 9 0
11 22 0
28 37 0
5 20 0
11 23 0
14 22 0
32 20 0
11 29 0
9 7 0
34 4 0
17 31 0
33 37 0
4 13 0
29 21 0
6 17 0
9 23 0
23 29 0
26 20 0
32 18 0
41 11 0
26 17 0
36 29 0
41 34 0
21 26 0
12 40 0
3 11 0
32 38 0
19 5 0
21 29 0
7 19 0
14 27 0
13 3 0
40 13 0
27 4 0
36 18 0
38 15 0
39 24 0
12 2 0
3 30 0
42 1 0
26 6 0
28 5 0
17 29 0
14 25 0
5 3 0
21 15 0
16 8 0
10 17 0
14 28 0
9 38 0
7 40 0
33 4 0
25 22 0
10 13 0
29 34 0
37 21 0
11 31 0
40 9 0
27 15 0
4 1 0
8 6 0
8 42 0
31 18 0
29 3 0
22 27 0
35 37 0
32 4 0
19 37 0
2 41 0
21 10 0
36 15 0
12 20 0
32 34 0
31 2 0
16 2 0
23 33 0
9 11 0
11 24 0
25 4 0
36 8 0
3 39 0
38 36 0
15 19 0
34 8 0
38 23 0
4 31 0
9 2 0
25 17 0
30 7 0
31 37 0
29 36 0
22 39 0
6 26 0
21 36 0
38 18 0
17 20 0
37 32 0
28 10 0
32 29 0
25 35 0
30 9 0
8 1 0
11 28 0
41 24 0
23 39 0
16 32 0
22 31 0
34 23 0
42 27 0
27 24 0
33 36 0
28 23 0
14 6 0
36 42 0
2 18 0
13 16 0
37 31 0
8 18 0
29 18 0
38 6 0
13 6 0
24 30 0
7 35 0
1 17 0
35 32 0
18 37 0
32 9 0
31 23 0
3 37 0
13 12 0
3 8 0
6 3 0
20 36 0
4 2 0
10 2 0
3 34 0
22 41 0
7 42 0
26 16 0
38 11 0
35 28 0
14 17 0
31 30 0
22 38 0
30 41 0
3 41 0
10 4 0
9 39 0
23 11 0
6 5 0
10 9 0
19 31 0
15 34 0
18 25 0
23 9 0
3 20 0
37 18 0
8 22 0
28 4 0
30 3 0
27 6 0
14 31 0
8 29 0
20 9 0
23 26 0
33 12 0
8 35 0
11 16 0
8 24 0
36 27 0
29 25 0
19 39 0
16 27 0
30 5 0
38 14 0
15 7 0
30 2 0
39 8 0
10 39 0
20 1 0
17 1 0
4 19 0
14 12 0
26 5 0
29 22 0
38 7 0
28 25 0
16 23 0
20 7 0
25 19 0
9 33 0
32 12 0
38 37 0
3 2 0
5 9 0
19 14 0
29 38 0
21 5 0
25 31 0
23 35 0
28 1 0
14 1 0
1 23 0
2 33 0
6 20 0
2 14 0
33 2 0
36 13 0
22 6 0
7 10 0
38 40 0
17 40 0
28 3 0
10 23 0
35 11 0
5 21 0
1 9 0
34 15 0
25 30 0
8 7 0
26 15 0
7 24 0
16 28 0
26 28 0
16 3 0
20 25 0
5 24 0
10 41 0
28 17 0
3 1 0
35 17 0
32 7 0
28 35 0
11 25 0
17 41 0
21 24 0
12 26 0
22 33 0
11 34 0
5 12 0
31 39 0
42 39 0
30 19 0
20 35 0
29 10 0
31 19 0
41 14 0
24 21 0
34 18 0
23 3 0
34 7 0
6 31 0
35 33 0
9 19 0
23 32 0
37 26 0
41 32 0
35 38 0
40 25 0
30 23 0
31 21 0
39 23 0
40 30 0
41 23 0
42 3 0
27 23 0
34 41 0
32 1 0
34 25 0
15 27 0
2 4 0
25 28 0
10 42 0
18 27 0
33 16 0
30 13 0
25 41 0
40 7 0
36 2 0
40 24 0
15 26 0
36 41 0
14 2 0
41 4 0
11 7 0
23 21 0
14 39 0
5 18 0
25 38 0
5 11 0
5 13 0
30 37 0
20 17 0
8 14 0
8 27 0
14 20 0
3 42 0
22 4 0
23 19 0
34 32 0
6 25 0
10 31 0
9 18 0
25 37 0
37 19 0
4 24 0
19 22 0
4 42 0
19 13 0
4 37 0
39 36 0
20 2 0
6 29 0
19 12 0
39 7 0
1 32 0
14 36 0
18 39 0
23 2 0
7 33 0
27 26 0
37 9 0
2 34 0
28 34 0
39 9 0
13 9 0
24 26 0
15 39 0
12 8 0
33 29 0
22 20 0
17 42 0
26 38 0
30 39 0
33 32 0
1 34 0
36 11 0
38 26 0
30 17 0
25 5 0
25 40 0
20 31 0
41 13 0
7 38 0
20 16 0
31 35 0
15 40 0
35 30 0
8 41 0
27 37 0
15 33 0
18 6 0
39 11 0
8 30 0
35 4 0
22 17 0
17 35 0
7 25 0
1 14 0
22 2 0
24 8 0
28 33 0
8 23 0
14 4 0
34 26 0
36 35 0
34 33 0
7 9 0
39 41 0
6 32 0
21 6 0
24 22 0
19 30 0
36 40 0
14 16 0
20 37 0
25 11 0
4 15 0
1 13 0
18 10 0
12 36 0
32 28 0
2 12 0
36 24 0
5 35 0
23 41 0
24 39 0
15 32 0
20 8 0
26 22 0
23 13 0
24 40 0
11 10 0
9 28 0
27 40 0
25 39 0
6 33 0
12 11 0
19 15 0
5 2 0
2 1 0
13 23 0
27 18 0
19 32 0
17 13 0
12 28 0
32 27 0
10 18 0
30 6 0
37 40 0
11 39 0
7 12 0
39 28 0
18 7 0
21 4 0
29 35 0
27 5 0
17 22 0
31 7 0
2 7 0
