1 1 1
2 2 1
3 3 1
4 4 1
5 5 1
6 6 1
7 7 1
8 8 1
9 9 1
10 10 1
11 11 1
12 12 1
13 13 1
14 14 1
15 15 1
16 16 1
17 17 1
18 18 1
19 19 1
20 20 1
21 21 1
22 22 1
23 23 1
24 24 1
25 25 1
26 26 1
27 27 1
28 28 1
29 29 1
30 30 1
31 31 1
32 32 1
33 33 1
34 34 1
35 35 1
36 36 1
37 37 1
38 38 1
39 39 1
40 40 1
41 41 1
42 42 1
43 43 1
44 44 1
45 45 1
46 46 1
47 47 1
48 48 1
49 49 1
50 50 1
51 51 1
52 52 1
53 53 1
54 54 1
55 55 1
56 56 1
57 57 1
58 58 1
59 59 1
60 60 1
61 61 1
62 62 1
63 63 1
64 64 1
65 65 1
66 66 1
67 67 1
68 68 1
69 69 1
70 70 1
71 71 1
72 72 1
73 73 1
74 74 1
75 75 1
76 76 1
77 77 1
78 78 1
79 79 1
80 80 1
81 81 1
82 82 1
83 83 1
84 84 1
85 85 1
86 86 1
87 87 1
88 88 1
89 89 1
90 90 1
91 91 1
92 92 1
93 93 1
94 94 1
95 95 1
96 96 1
97 97 1
98 98 1
99 99 1
100 100 1
101 101 1
102 102 1
103 103 1
104 104 1
105 105 1
106 106 1
107 107 1
108 108 1
109 109 1
110 110 1
111 111 1
112 112 1
113 113 1
114 114 1
115 115 1
116 116 1
117 117 1
118 118 1
119 119 1
120 120 1
121 121 1
122 122 1
123 123 1
124 124 1
125 125 1
126 126 1
127 127 1
128 128 1
129 129 1
130 130 1
131 131 1
132 132 1
133 133 1
134 134 1
135 135 1
136 136 1
137 137 1
1 2 0
2 3 0
3 4 0
4 5 0
5 6 0
6 7 0
7 8 0
8 9 0
9 10 0
10 11 0
11 12 0
12 13 0
13 14 0
14 15 0
15 16 0
16 17 0
17 18 0
18 19 0
19 20 0
20 21 0
21 22 0
22 23 0
23 24 0
24 25 0
25 26 0
26 27 0
27 28 0
28 29 0
29 30 0
30 31 0
31 32 0
32 33 0
33 34 0
34 35 0
35 36 0
36 37 0
37 38 0
38 39 0
39 40 0
40 41 0
41 42 0
42 43 0
43 44 0
44 45 0
45 46 0
46 47 0
47 48 0
48 49 0
49 50 0
50 51 0
51 52 0
52 53 0
53 54 0
54 55 0
55 56 0
56 57 0
57 58 0
58 59 0
59 60 0
60 61 0
61 62 0
62 63 0
63 64 0
64 65 0
65 66 0
66 67 0
67 68 0
68 69 0
69 70 0
70 71 0
71 72 0
72 73 0
73 74 0
74 75 0
75 76 0
76 77 0
77 78 0
78 79 0
79 80 0
80 81 0
81 82 0
82 83 0
83 84 0
84 85 0
85 86 0
86 87 0
87 88 0
88 89 0
89 90 0
90 91 0
91 92 0
92 93 0
93 94 0
94 95 0
95 96 0
96 97 0
97 98 0
98 99 0
99 100 0
100 101 0
101 102 0
102 103 0
103 104 0
104 105 0
105 106 0
106 107 0
107 108 0
108 109 0
109 110 0
110 111 0
111 112 0
112 113 0
113 114 0
114 115 0
115 116 0
116 117 0
117 118 0
118 119 0
119 120 0
120 121 0
121 122 0
122 123 0
123 124 0
124 125 0
125 126 0
126 127 0
127 128 0
128 129 0
129 130 0
130 131 0
131 132 0
132 133 0
133 134 0
134 135 0
135 136 0
136 137 0
34 131 0
59 18 0
111 16 0
22 109 0
136 25 0
132 135 0
106 45 0
41 116 0
10 117 0
23 4 0
43 112 0
96 80 0
125 41 0
68 74 0
92 43 0
61 95 0
56 84 0
82 20 0
113 100 0
106 88 0
87 69 0
68 136 0
40 61 0
60 71 0
125 57 0
107 46 0
79 46 0
103 53 0
38 71 0
80 26 0
127 48 0
129 134 0
2 34 0
38 55 0
72 43 0
128 48 0
50 49 0
100 86 0
92 96 0
132 16 0
60 38 0
92 121 0
59 8 0
69 105 0
108 30 0
12 135 0
126 64 0
94 24 0
5 19 0
94 89 0
54 16 0
23 110 0
133 47 0
62 94 0
52 40 0
19 61 0
36 27 0
133 98 0
105 94 0
28 134 0
83 91 0
92 100 0
63 39 0
132 113 0
112 27 0
7 110 0
72 126 0
112 120 0
91 46 0
78 64 0
111 74 0
32 73 0
85 42 0
95 67 0
10 73 0
27 83 0
22 130 0
30 51 0
85 5 0
36 32 0
40 70 0
34 46 0
3 46 0
1 35 0
120 40 0
133 17 0
83 104 0
65 117 0
20 15 0
69 87 0
6 100 0
22 29 0
135 90 0
96 9 0
128 90 0
88 96 0
133 101 0
67 16 0
77 12 0
118 38 0
34 60 0
2 19 0
20 130 0
3 125 0
8 61 0
4 124 0
122 63 0
124 62 0
132 53 0
129 36 0
137 59 0
2 122 0
24 125 0
76 34 0
86 23 0
133 102 0
112 31 0
117 88 0
99 91 0
71 43 0
130 78 0
56 99 0
87 22 0
43 7 0
80 66 0
79 121 0
105 91 0
109 98 0
2 68 0
58 112 0
45 100 0
22 5 0
1 101 0
21 46 0
53 49 0
47 9 0
30 64 0
81 95 0
46 22 0
106 76 0
42 74 0
71 46 0
16 42 0
15 74 0
72 106 0
103 63 0
79 70 0
75 102 0
58 10 0
7 68 0
74 119 0
42 88 0
71 28 0
73 86 0
36 84 0
128 20 0
75 39 0
132 119 0
131 25 0
12 111 0
25 117 0
38 44 0
90 135 0
21 50 0
33 86 0
24 133 0
46 59 0
39 122 0
92 55 0
34 137 0
124 80 0
17 77 0
99 95 0
16 99 0
120 50 0
30 35 0
54 104 0
99 59 0
46 85 0
137 55 0
84 108 0
52 34 0
63 49 0
75 118 0
35 103 0
86 15 0
93 136 0
119 42 0
11 83 0
46 42 0
96 37 0
113 85 0
51 118 0
103 102 0
21 35 0
137 116 0
79 23 0
109 84 0
79 89 0
38 104 0
80 69 0
32 111 0
104 49 0
135 41 0
118 17 0
58 55 0
134 62 0
69 110 0
76 10 0
91 37 0
100 119 0
78 73 0
48 127 0
132 51 0
122 11 0
88 5 0
112 74 0
1 15 0
25 57 0
106 85 0
40 7 0
17 13 0
92 72 0
112 57 0
132 105 0
99 117 0
127 86 0
123 131 0
130 116 0
67 23 0
123 75 0
7 47 0
29 137 0
43 80 0
100 111 0
3 68 0
45 72 0
108 50 0
8 133 0
78 15 0
50 102 0
49 119 0
17 132 0
47 85 0
51 21 0
31 92 0
14 111 0
107 113 0
130 59 0
16 44 0
99 76 0
123 51 0
93 56 0
127 69 0
18 5 0
40 123 0
43 52 0
33 17 0
133 81 0
56 101 0
68 108 0
112 54 0
70 5 0
102 71 0
50 117 0
111 3 0
54 94 0
137 104 0
137 43 0
50 120 0
12 53 0
10 42 0
25 121 0
112 97 0
64 9 0
91 61 0
14 41 0
61 64 0
32 22 0
70 99 0
75 105 0
124 53 0
113 133 0
68 90 0
122 75 0
103 6 0
126 77 0
44 101 0
40 33 0
98 123 0
56 118 0
16 102 0
105 72 0
37 52 0
109 119 0
56 79 0
98 33 0
97 128 0
100 41 0
17 44 0
117 18 0
81 83 0
62 75 0
84 56 0
89 68 0
69 58 0
112 45 0
43 109 0
14 36 0
61 84 0
40 19 0
52 20 0
90 98 0
74 35 0
87 2 0
7 63 0
99 133 0
128 101 0
16 28 0
19 48 0
136 73 0
90 36 0
59 100 0
59 58 0
63 59 0
82 79 0
26 45 0
67 103 0
90 57 0
58 124 0
2 77 0
99 53 0
4 45 0
66 53 0
11 111 0
55 16 0
78 120 0
53 89 0
64 52 0
85 27 0
57 124 0
9 113 0
90 48 0
8 54 0
100 2 0
108 54 0
18 33 0
24 76 0
57 104 0
60 13 0
66 7 0
94 71 0
109 77 0
42 71 0
17 135 0
63 95 0
42 26 0
107 3 0
115 101 0
55 128 0
103 79 0
7 86 0
126 52 0
35 56 0
20 11 0
123 132 0
15 5 0
32 126 0
125 74 0
32 34 0
102 44 0
52 2 0
83 78 0
122 37 0
10 46 0
134 17 0
18 4 0
76 128 0
109 78 0
114 34 0
104 27 0
25 116 0
60 4 0
131 38 0
101 65 0
33 136 0
25 106 0
81 108 0
7 13 0
44 96 0
134 11 0
109 79 0
43 100 0
39 8 0
76 71 0
133 28 0
124 27 0
88 75 0
115 25 0
67 96 0
20 62 0
11 56 0
26 127 0
67 47 0
91 114 0
24 11 0
9 1 0
21 51 0
20 33 0
123 40 0
85 72 0
37 118 0
94 114 0
69 111 0
118 29 0
67 2 0
12 120 0
33 65 0
73 5 0
105 25 0
53 83 0
67 89 0
80 129 0
9 84 0
2 84 0
127 99 0
88 57 0
18 79 0
31 84 0
131 112 0
3 66 0
87 78 0
115 99 0
21 109 0
43 64 0
54 50 0
40 80 0
64 33 0
79 34 0
66 110 0
10 129 0
91 88 0
65 107 0
5 81 0
136 75 0
130 71 0
76 48 0
85 59 0
128 68 0
27 12 0
86 132 0
7 39 0
105 101 0
90 125 0
106 137 0
33 13 0
53 71 0
105 89 0
14 29 0
57 46 0
1 97 0
91 29 0
79 11 0
5 102 0
112 122 0
23 101 0
108 122 0
54 80 0
135 4 0
50 96 0
2 15 0
21 1 0
23 45 0
104 39 0
30 76 0
128 64 0
76 61 0
15 114 0
69 51 0
83 113 0
87 62 0
17 58 0
34 133 0
137 57 0
26 68 0
98 58 0
26 136 0
132 55 0
100 59 0
76 46 0
24 96 0
119 71 0
19 76 0
60 87 0
90 127 0
92 20 0
43 27 0
67 126 0
71 134 0
34 132 0
61 60 0
10 19 0
90 118 0
52 85 0
21 121 0
25 137 0
41 77 0
131 42 0
14 129 0
21 101 0
112 96 0
137 54 0
33 54 0
85 137 0
12 43 0
88 80 0
15 31 0
121 57 0
55 8 0
5 40 0
111 42 0
9 39 0
133 111 0
64 107 0
94 101 0
77 38 0
10 31 0
17 62 0
20 69 0
91 89 0
104 15 0
93 50 0
1 59 0
67 128 0
67 22 0
114 14 0
66 9 0
96 2 0
26 65 0
135 29 0
45 131 0
41 117 0
126 61 0
30 67 0
91 104 0
58 98 0
109 68 0
60 5 0
128 61 0
30 24 0
119 18 0
98 93 0
4 116 0
85 105 0
135 9 0
62 136 0
110 94 0
99 112 0
13 117 0
28 33 0
41 37 0
4 3 0
44 95 0
67 97 0
23 68 0
79 127 0
14 72 0
72 117 0
22 77 0
36 76 0
121 16 0
94 106 0
75 57 0
54 13 0
12 4 0
42 55 0
84 102 0
56 109 0
55 61 0
32 104 0
107 66 0
55 26 0
92 95 0
43 30 0
19 111 0
1 25 0
47 113 0
36 16 0
36 119 0
134 96 0
118 59 0
23 127 0
127 82 0
121 132 0
11 88 0
55 37 0
51 30 0
102 50 0
112 16 0
137 12 0
130 79 0
11 24 0
38 47 0
101 31 0
7 55 0
34 128 0
106 48 0
124 71 0
135 129 0
86 82 0
18 137 0
69 121 0
72 109 0
102 23 0
78 107 0
21 92 0
8 71 0
87 38 0
31 15 0
57 91 0
128 102 0
99 85 0
115 28 0
12 56 0
106 87 0
47 28 0
76 124 0
84 100 0
69 75 0
15 2 0
24 113 0
30 96 0
75 112 0
96 132 0
129 52 0
30 53 0
64 44 0
115 135 0
134 25 0
125 113 0
111 72 0
111 19 0
104 3 0
55 108 0
130 13 0
24 91 0
116 136 0
22 103 0
60 102 0
21 102 0
106 41 0
109 65 0
112 6 0
56 26 0
58 126 0
124 81 0
65 45 0
90 25 0
6 88 0
35 32 0
26 56 0
22 66 0
10 55 0
110 102 0
119 117 0
132 102 0
130 17 0
76 134 0
70 69 0
66 31 0
54 38 0
58 21 0
82 19 0
96 102 0
114 135 0
103 58 0
91 43 0
17 94 0
137 80 0
26 128 0
82 132 0
132 14 0
50 24 0
87 77 0
126 66 0
119 113 0
78 85 0
90 19 0
52 38 0
77 46 0
66 55 0
27 124 0
119 131 0
69 11 0
78 21 0
24 87 0
107 10 0
46 63 0
111 88 0
58 22 0
43 84 0
37 80 0
71 104 0
47 72 0
76 79 0
21 11 0
98 91 0
27 38 0
29 90 0
48 38 0
73 105 0
23 133 0
34 111 0
58 107 0
125 133 0
11 44 0
56 97 0
15 60 0
88 7 0
25 104 0
92 133 0
5 92 0
74 2 0
26 75 0
7 73 0
121 38 0
87 96 0
29 53 0
107 87 0
7 106 0
7 107 0
74 26 0
113 18 0
137 66 0
78 106 0
111 12 0
44 68 0
25 132 0
49 92 0
16 30 0
49 102 0
76 27 0
37 50 0
24 28 0
55 99 0
93 47 0
26 43 0
1 41 0
22 102 0
25 38 0
93 40 0
137 74 0
115 8 0
129 101 0
69 7 0
21 129 0
66 38 0
125 17 0
24 74 0
62 96 0
57 24 0
23 9 0
16 101 0
64 53 0
30 57 0
25 122 0
37 99 0
125 27 0
79 88 0
16 24 0
40 51 0
23 21 0
7 26 0
35 54 0
102 117 0
49 128 0
52 25 0
48 25 0
15 92 0
92 23 0
67 134 0
110 106 0
35 125 0
11 54 0
52 44 0
57 105 0
89 122 0
31 93 0
17 48 0
65 7 0
75 129 0
132 126 0
15 24 0
134 94 0
70 24 0
114 52 0
27 8 0
80 123 0
27 84 0
89 125 0
6 125 0
14 92 0
118 45 0
21 83 0
54 23 0
108 102 0
1 63 0
55 112 0
115 75 0
22 34 0
89 111 0
39 129 0
61 116 0
44 75 0
124 65 0
61 23 0
107 124 0
20 111 0
44 33 0
95 53 0
126 58 0
60 108 0
130 50 0
91 21 0
34 102 0
60 51 0
90 43 0
39 27 0
14 2 0
3 116 0
101 39 0
5 50 0
5 12 0
42 72 0
22 42 0
109 7 0
1 127 0
99 93 0
82 11 0
91 14 0
68 93 0
134 130 0
88 16 0
91 77 0
40 84 0
82 126 0
37 77 0
43 69 0
30 89 0
16 37 0
15 82 0
47 127 0
37 71 0
137 24 0
124 12 0
19 5 0
123 6 0
43 82 0
12 68 0
102 9 0
66 54 0
34 36 0
69 130 0
111 129 0
119 104 0
65 78 0
19 37 0
134 71 0
112 131 0
13 58 0
29 119 0
102 79 0
44 22 0
130 28 0
38 124 0
34 97 0
21 100 0
87 24 0
96 59 0
23 40 0
97 85 0
48 61 0
122 112 0
125 79 0
44 27 0
104 85 0
34 26 0
50 45 0
22 73 0
20 113 0
14 93 0
12 23 0
67 83 0
29 48 0
135 73 0
27 18 0
126 97 0
127 115 0
83 108 0
121 58 0
62 117 0
93 13 0
13 125 0
10 67 0
23 102 0
46 118 0
53 59 0
60 98 0
110 67 0
109 75 0
10 122 0
72 1 0
59 112 0
22 25 0
71 1 0
131 88 0
112 70 0
104 52 0
129 136 0
55 129 0
94 17 0
30 79 0
52 119 0
19 69 0
73 66 0
55 92 0
26 109 0
129 123 0
34 89 0
102 104 0
2 136 0
112 5 0
45 124 0
39 119 0
71 10 0
23 117 0
67 18 0
94 30 0
20 87 0
51 12 0
90 17 0
83 101 0
43 58 0
133 4 0
17 37 0
26 44 0
91 70 0
18 95 0
4 83 0
110 6 0
64 127 0
117 7 0
81 116 0
83 90 0
135 68 0
67 100 0
28 5 0
94 102 0
73 36 0
93 69 0
32 134 0
16 6 0
107 57 0
79 4 0
113 84 0
42 40 0
26 7 0
69 81 0
132 95 0
38 108 0
94 117 0
111 35 0
74 22 0
88 135 0
27 20 0
20 90 0
106 135 0
35 123 0
57 89 0
80 16 0
61 29 0
63 110 0
20 124 0
37 26 0
101 64 0
67 13 0
116 97 0
19 136 0
4 73 0
6 106 0
71 92 0
58 11 0
49 12 0
9 86 0
43 20 0
132 64 0
86 73 0
27 92 0
68 77 0
110 88 0
33 130 0
19 64 0
123 13 0
2 67 0
59 25 0
56 124 0
137 10 0
54 44 0
25 48 0
26 91 0
100 24 0
29 101 0
116 54 0
57 33 0
111 115 0
37 72 0
100 93 0
45 108 0
121 27 0
48 83 0
99 3 0
78 52 0
115 55 0
117 52 0
77 110 0
75 3 0
69 6 0
94 68 0
117 10 0
121 59 0
39 90 0
118 60 0
115 82 0
34 71 0
14 57 0
31 36 0
15 108 0
49 131 0
38 23 0
109 66 0
14 90 0
126 24 0
93 3 0
52 91 0
125 80 0
49 112 0
132 75 0
50 11 0
21 65 0
82 15 0
40 115 0
34 39 0
63 57 0
87 49 0
113 111 0
29 86 0
74 91 0
19 83 0
66 77 0
63 123 0
39 125 0
106 38 0
107 85 0
8 126 0
51 134 0
116 88 0
68 17 0
45 20 0
45 16 0
91 5 0
78 26 0
66 103 0
1 21 0
10 113 0
78 82 0
113 21 0
98 88 0
136 86 0
104 120 0
67 54 0
111 23 0
78 34 0
6 54 0
95 110 0
133 108 0
134 5 0
133 68 0
28 43 0
107 127 0
82 115 0
135 123 0
134 93 0
116 22 0
57 73 0
23 34 0
95 94 0
14 100 0
115 36 0
101 96 0
116 107 0
35 129 0
132 118 0
123 8 0
73 71 0
53 135 0
13 17 0
93 120 0
23 69 0
65 127 0
97 100 0
120 26 0
62 107 0
26 104 0
16 95 0
40 54 0
27 131 0
38 102 0
77 126 0
99 25 0
56 49 0
88 81 0
38 91 0
8 39 0
79 24 0
13 78 0
6 58 0
121 71 0
115 127 0
46 125 0
113 116 0
91 44 0
125 51 0
83 131 0
16 18 0
95 16 0
117 49 0
20 60 0
79 104 0
82 31 0
30 123 0
62 72 0
32 87 0
96 39 0
129 60 0
81 23 0
78 5 0
91 110 0
41 58 0
64 115 0
66 19 0
23 66 0
81 137 0
130 48 0
122 78 0
132 45 0
38 83 0
26 125 0
40 100 0
74 49 0
136 133 0
76 93 0
61 93 0
98 48 0
15 111 0
52 100 0
133 75 0
35 47 0
69 102 0
87 72 0
84 90 0
109 108 0
105 112 0
76 90 0
2 6 0
94 122 0
89 76 0
96 117 0
36 30 0
135 121 0
33 8 0
90 37 0
54 68 0
33 41 0
105 43 0
106 111 0
95 66 0
63 137 0
78 134 0
18 36 0
99 47 0
118 62 0
80 101 0
46 137 0
71 45 0
19 10 0
39 56 0
86 94 0
12 11 0
31 74 0
81 71 0
47 60 0
95 88 0
81 117 0
49 27 0
83 127 0
19 79 0
42 109 0
120 64 0
58 69 0
85 94 0
60 78 0
21 70 0
65 34 0
119 68 0
55 31 0
108 130 0
125 49 0
25 105 0
90 62 0
123 19 0
10 83 0
124 74 0
76 51 0
128 72 0
129 79 0
6 105 0
53 13 0
81 110 0
35 101 0
6 59 0
130 64 0
17 118 0
95 122 0
122 39 0
33 27 0
121 30 0
22 101 0
64 78 0
43 39 0
12 134 0
75 58 0
22 54 0
113 64 0
20 125 0
52 7 0
51 95 0
84 96 0
53 44 0
29 2 0
88 1 0
90 52 0
86 126 0
27 17 0
5 1 0
35 99 0
37 104 0
15 96 0
94 108 0
113 40 0
31 71 0
17 63 0
117 83 0
63 132 0
134 114 0
112 36 0
85 45 0
104 35 0
50 104 0
112 64 0
116 64 0
116 98 0
13 60 0
115 67 0
103 33 0
101 16 0
56 130 0
114 23 0
84 75 0
78 1 0
46 34 0
99 71 0
82 90 0
78 14 0
48 19 0
35 9 0
31 90 0
41 91 0
19 23 0
42 120 0
133 95 0
92 67 0
116 96 0
61 72 0
65 40 0
91 35 0
11 35 0
6 70 0
53 109 0
132 101 0
62 56 0
136 80 0
79 58 0
90 97 0
83 50 0
27 136 0
81 99 0
26 113 0
72 15 0
122 48 0
17 86 0
46 19 0
63 53 0
51 63 0
48 76 0
34 16 0
3 28 0
84 31 0
70 45 0
53 32 0
93 53 0
1 6 0
96 33 0
85 25 0
72 88 0
25 94 0
76 135 0
44 77 0
98 90 0
113 91 0
56 71 0
1 19 0
19 104 0
37 43 0
97 3 0
18 111 0
65 128 0
107 74 0
135 66 0
98 80 0
94 29 0
46 10 0
115 124 0
130 7 0
24 82 0
97 37 0
73 26 0
63 48 0
41 97 0
116 57 0
130 91 0
8 134 0
126 133 0
121 96 0
29 125 0
10 128 0
37 122 0
4 136 0
110 84 0
104 19 0
98 101 0
1 62 0
118 117 0
3 62 0
32 24 0
117 20 0
88 52 0
62 32 0
77 87 0
76 22 0
1 98 0
47 63 0
118 111 0
66 1 0
36 41 0
59 40 0
120 20 0
93 61 0
105 18 0
95 46 0
69 104 0
15 116 0
109 94 0
55 60 0
5 113 0
91 60 0
59 110 0
82 66 0
83 85 0
28 79 0
72 79 0
92 58 0
56 9 0
44 94 0
66 100 0
113 81 0
13 96 0
94 67 0
88 2 0
9 105 0
134 45 0
124 1 0
116 39 0
70 88 0
80 130 0
112 100 0
54 115 0
43 121 0
15 107 0
113 22 0
66 117 0
110 127 0
5 17 0
124 116 0
74 45 0
46 109 0
58 94 0
25 127 0
50 15 0
8 1 0
136 38 0
75 88 0
27 111 0
89 66 0
78 10 0
70 85 0
101 81 0
101 129 0
54 81 0
93 92 0
123 72 0
124 2 0
21 74 0
20 97 0
108 10 0
118 44 0
77 17 0
117 4 0
91 137 0
83 80 0
25 46 0
38 128 0
71 135 0
42 73 0
49 68 0
51 64 0
106 117 0
4 97 0
37 7 0
85 128 0
60 36 0
135 1 0
52 41 0
3 131 0
4 50 0
126 30 0
127 5 0
105 108 0
110 39 0
97 16 0
88 15 0
5 18 0
133 51 0
39 57 0
88 102 0
63 88 0
108 104 0
42 92 0
47 35 0
19 25 0
86 1 0
6 69 0
63 1 0
15 90 0
61 113 0
22 127 0
2 11 0
46 18 0
56 32 0
67 35 0
68 19 0
136 58 0
108 45 0
31 136 0
43 130 0
93 63 0
20 122 0
23 57 0
10 20 0
66 119 0
13 97 0
5 46 0
97 31 0
61 120 0
133 130 0
23 59 0
16 107 0
82 71 0
84 93 0
79 1 0
116 58 0
136 111 0
87 34 0
103 26 0
57 7 0
75 126 0
91 62 0
85 104 0
83 74 0
8 27 0
4 117 0
123 3 0
37 106 0
60 69 0
37 87 0
20 93 0
28 109 0
104 30 0
54 63 0
69 79 0
33 110 0
35 41 0
50 56 0
29 58 0
73 33 0
27 77 0
63 71 0
17 68 0
35 105 0
137 99 0
117 108 0
30 63 0
7 118 0
77 18 0
117 42 0
109 96 0
25 34 0
119 37 0
5 33 0
42 61 0
94 134 0
46 17 0
3 59 0
5 119 0
41 29 0
89 132 0
87 89 0
10 109 0
101 37 0
131 47 0
83 86 0
65 14 0
118 50 0
100 5 0
13 9 0
106 14 0
74 31 0
80 24 0
43 18 0
43 33 0
40 110 0
130 52 0
114 127 0
53 112 0
78 110 0
65 99 0
36 34 0
119 125 0
126 71 0
65 16 0
16 89 0
89 117 0
13 106 0
31 111 0
8 102 0
70 125 0
23 81 0
46 121 0
132 127 0
12 126 0
21 99 0
48 36 0
16 121 0
112 21 0
126 28 0
52 39 0
40 112 0
115 111 0
96 65 0
10 57 0
49 74 0
7 85 0
41 23 0
21 39 0
53 134 0
34 93 0
6 50 0
34 98 0
111 92 0
20 112 0
61 22 0
135 78 0
60 37 0
64 27 0
16 23 0
70 82 0
11 65 0
117 73 0
36 66 0
129 133 0
47 121 0
97 48 0
36 9 0
79 75 0
72 77 0
55 42 0
24 118 0
68 64 0
29 78 0
111 137 0
101 58 0
18 87 0
25 71 0
115 126 0
20 34 0
105 95 0
42 18 0
122 127 0
90 63 0
31 34 0
31 122 0
134 129 0
78 83 0
109 132 0
128 130 0
78 96 0
21 57 0
40 99 0
76 121 0
111 114 0
67 56 0
88 3 0
70 21 0
8 13 0
47 128 0
38 60 0
60 135 0
134 41 0
64 134 0
93 125 0
36 73 0
65 73 0
2 7 0
137 11 0
61 38 0
54 77 0
12 114 0
20 110 0
96 71 0
35 79 0
89 42 0
115 120 0
20 76 0
116 121 0
2 94 0
87 41 0
95 31 0
105 20 0
137 23 0
34 134 0
14 114 0
122 103 0
88 53 0
96 41 0
29 59 0
105 45 0
78 59 0
137 120 0
34 54 0
40 126 0
124 73 0
38 70 0
38 112 0
76 53 0
25 136 0
55 17 0
28 2 0
39 94 0
41 83 0
79 57 0
38 137 0
122 106 0
75 91 0
96 107 0
1 26 0
39 30 0
10 93 0
86 83 0
34 2 0
98 76 0
51 28 0
57 37 0
26 33 0
117 86 0
69 64 0
31 81 0
122 38 0
17 123 0
127 76 0
6 120 0
107 133 0
66 68 0
97 56 0
32 90 0
107 137 0
90 129 0
114 129 0
14 86 0
11 22 0
115 19 0
101 46 0
14 24 0
128 94 0
91 109 0
88 12 0
94 98 0
3 12 0
92 57 0
72 50 0
39 124 0
10 85 0
89 61 0
83 82 0
69 3 0
35 114 0
51 35 0
133 94 0
129 73 0
109 64 0
33 79 0
111 98 0
72 113 0
105 84 0
132 136 0
32 66 0
98 25 0
101 130 0
46 62 0
5 77 0
121 118 0
109 40 0
78 12 0
81 54 0
23 70 0
53 92 0
73 17 0
127 108 0
81 61 0
26 48 0
46 4 0
28 77 0
19 73 0
1 10 0
32 78 0
133 80 0
68 115 0
136 70 0
98 13 0
48 46 0
73 32 0
21 133 0
22 33 0
63 96 0
45 85 0
129 137 0
110 69 0
53 14 0
123 100 0
34 87 0
22 68 0
76 92 0
53 46 0
4 61 0
82 62 0
55 14 0
116 83 0
71 83 0
2 98 0
18 134 0
92 73 0
71 8 0
79 117 0
58 73 0
48 71 0
46 111 0
72 76 0
134 29 0
82 133 0
93 30 0
48 5 0
23 134 0
79 132 0
80 65 0
89 109 0
25 36 0
86 130 0
56 29 0
69 77 0
11 13 0
125 34 0
83 62 0
29 114 0
133 124 0
13 45 0
13 85 0
108 90 0
10 18 0
55 13 0
98 4 0
103 46 0
44 106 0
10 130 0
69 120 0
59 41 0
70 109 0
44 107 0
39 72 0
57 135 0
102 60 0
12 104 0
76 69 0
17 73 0
42 69 0
19 118 0
41 134 0
115 27 0
127 110 0
98 36 0
100 23 0
74 42 0
91 65 0
78 23 0
2 63 0
99 116 0
36 113 0
41 99 0
21 123 0
108 83 0
25 16 0
22 24 0
127 134 0
75 20 0
119 92 0
102 62 0
78 8 0
44 74 0
101 74 0
118 130 0
90 80 0
61 119 0
56 13 0
82 119 0
132 109 0
137 105 0
102 123 0
22 133 0
14 71 0
76 125 0
18 78 0
38 51 0
81 128 0
118 13 0
118 103 0
9 115 0
116 1 0
86 102 0
131 28 0
115 58 0
126 60 0
63 97 0
41 39 0
72 101 0
46 119 0
100 105 0
65 70 0
5 65 0
9 11 0
65 35 0
29 22 0
15 109 0
34 56 0
111 116 0
99 98 0
72 99 0
10 2 0
61 37 0
68 67 0
61 112 0
74 80 0
18 96 0
105 50 0
112 33 0
2 35 0
52 95 0
55 62 0
55 47 0
89 6 0
90 84 0
40 91 0
49 40 0
56 51 0
84 92 0
69 63 0
63 58 0
96 72 0
129 72 0
26 49 0
71 54 0
10 121 0
108 21 0
39 14 0
26 51 0
87 65 0
48 89 0
3 120 0
98 137 0
22 55 0
120 55 0
135 21 0
113 46 0
114 55 0
1 57 0
37 58 0
44 102 0
118 46 0
123 39 0
26 30 0
117 64 0
78 2 0
116 44 0
62 50 0
104 92 0
56 20 0
79 49 0
11 20 0
93 71 0
35 104 0
128 112 0
114 63 0
50 53 0
61 46 0
9 48 0
84 78 0
128 95 0
32 6 0
17 35 0
70 31 0
12 29 0
28 6 0
19 35 0
79 137 0
119 25 0
44 30 0
10 1 0
5 57 0
136 123 0
26 134 0
112 86 0
25 14 0
128 6 0
121 44 0
64 38 0
22 94 0
114 58 0
33 52 0
71 57 0
41 107 0
60 27 0
65 39 0
11 25 0
64 2 0
123 23 0
112 102 0
56 80 0
17 79 0
77 53 0
121 110 0
96 104 0
58 120 0
48 66 0
63 5 0
48 9 0
86 35 0
13 88 0
77 9 0
13 32 0
36 109 0
52 67 0
123 79 0
17 66 0
25 128 0
53 128 0
79 27 0
55 64 0
33 82 0
120 101 0
8 41 0
18 119 0
77 129 0
93 121 0
123 84 0
74 16 0
105 81 0
111 47 0
17 38 0
9 34 0
28 65 0
47 7 0
73 106 0
82 128 0
41 84 0
1 54 0
135 94 0
129 24 0
73 122 0
82 60 0
64 73 0
125 106 0
45 43 0
15 25 0
132 74 0
101 48 0
95 85 0
1 83 0
123 95 0
86 74 0
96 57 0
79 135 0
15 34 0
30 60 0
97 22 0
44 122 0
99 41 0
83 35 0
136 83 0
5 106 0
132 92 0
18 110 0
110 99 0
84 129 0
35 23 0
126 43 0
19 91 0
13 67 0
42 27 0
38 8 0
1 4 0
51 10 0
111 37 0
24 52 0
104 51 0
68 41 0
49 55 0
122 108 0
38 9 0
49 78 0
25 107 0
3 109 0
65 79 0
115 45 0
44 87 0
114 50 0
57 132 0
120 41 0
30 106 0
85 81 0
73 77 0
97 88 0
94 9 0
18 126 0
71 40 0
106 120 0
77 74 0
89 123 0
95 102 0
92 39 0
2 109 0
3 127 0
17 124 0
124 77 0
129 127 0
77 125 0
91 17 0
61 132 0
118 7 0
128 45 0
74 3 0
93 117 0
16 135 0
12 52 0
43 50 0
108 16 0
119 98 0
2 97 0
27 120 0
34 1 0
85 79 0
52 1 0
31 45 0
35 96 0
120 16 0
82 59 0
128 73 0
132 34 0
121 36 0
76 33 0
82 17 0
13 99 0
26 130 0
135 125 0
85 90 0
23 129 0
91 11 0
67 98 0
98 28 0
55 105 0
121 76 0
82 68 0
96 4 0
114 80 0
127 63 0
20 63 0
20 127 0
80 14 0
60 127 0
89 57 0
127 78 0
3 96 0
35 48 0
61 100 0
133 109 0
3 89 0
136 130 0
22 32 0
117 110 0
107 79 0
126 101 0
53 6 0
62 10 0
14 127 0
85 101 0
80 72 0
68 22 0
3 69 0
106 105 0
134 69 0
104 112 0
86 100 0
80 103 0
53 30 0
33 75 0
22 126 0
95 10 0
30 27 0
19 29 0
17 3 0
134 85 0
61 12 0
55 130 0
113 33 0
74 25 0
3 51 0
123 60 0
87 61 0
78 86 0
60 122 0
96 66 0
28 53 0
45 58 0
21 91 0
124 131 0
42 127 0
55 100 0
57 129 0
67 72 0
50 127 0
28 118 0
113 23 0
82 112 0
47 3 0
134 132 0
47 131 0
103 47 0
69 28 0
121 86 0
96 81 0
63 65 0
100 20 0
33 96 0
25 24 0
86 97 0
59 26 0
31 118 0
105 129 0
65 136 0
85 28 0
85 83 0
6 37 0
67 42 0
81 105 0
105 96 0
15 27 0
46 106 0
39 89 0
2 132 0
74 87 0
91 90 0
67 10 0
56 66 0
5 126 0
67 14 0
134 81 0
91 36 0
115 12 0
116 112 0
94 47 0
2 73 0
72 94 0
1 102 0
60 23 0
100 38 0
6 3 0
38 129 0
91 42 0
5 130 0
64 109 0
8 73 0
71 56 0
57 15 0
59 84 0
62 135 0
69 26 0
14 85 0
14 88 0
13 95 0
108 13 0
33 76 0
69 67 0
67 132 0
15 12 0
24 130 0
45 13 0
52 74 0
66 58 0
14 6 0
68 36 0
72 103 0
22 17 0
126 105 0
38 116 0
43 22 0
120 51 0
27 67 0
32 16 0
130 128 0
109 97 0
89 62 0
107 71 0
112 105 0
80 22 0
64 45 0
1 70 0
50 3 0
15 67 0
127 57 0
101 85 0
133 112 0
73 95 0
90 104 0
106 99 0
116 89 0
41 92 0
135 34 0
52 94 0
76 84 0
66 44 0
48 118 0
1 93 0
33 127 0
115 78 0
64 20 0
98 16 0
81 47 0
31 129 0
35 124 0
11 122 0
14 62 0
41 133 0
76 37 0
100 50 0
77 47 0
25 91 0
37 82 0
27 43 0
137 68 0
96 121 0
111 78 0
65 4 0
15 11 0
120 128 0
134 1 0
133 128 0
137 53 0
126 31 0
79 44 0
41 123 0
21 115 0
95 104 0
99 72 0
78 30 0
131 103 0
113 16 0
23 105 0
49 56 0
63 84 0
56 60 0
99 87 0
17 117 0
22 100 0
57 110 0
22 39 0
131 26 0
95 40 0
95 30 0
98 68 0
121 128 0
94 31 0
34 7 0
100 126 0
35 132 0
88 115 0
77 15 0
2 115 0
65 68 0
24 4 0
22 63 0
27 99 0
14 1 0
133 38 0
129 78 0
118 92 0
1 12 0
72 13 0
38 26 0
15 73 0
20 102 0
73 103 0
132 97 0
43 59 0
48 108 0
77 33 0
130 14 0
98 113 0
21 48 0
109 23 0
55 116 0
24 19 0
24 78 0
117 44 0
58 104 0
99 12 0
42 132 0
89 103 0
50 19 0
87 97 0
49 111 0
123 113 0
26 71 0
131 117 0
38 28 0
25 8 0
26 41 0
137 125 0
126 90 0
76 42 0
83 11 0
119 57 0
27 61 0
26 34 0
74 131 0
61 69 0
8 111 0
61 121 0
13 130 0
51 128 0
64 66 0
135 39 0
79 78 0
50 74 0
110 137 0
108 92 0
58 29 0
47 70 0
64 135 0
74 83 0
23 18 0
116 24 0
122 5 0
11 86 0
1 111 0
101 109 0
128 120 0
118 21 0
90 99 0
69 55 0
28 71 0
15 91 0
104 22 0
121 67 0
97 96 0
102 74 0
131 99 0
22 80 0
34 49 0
95 57 0
47 136 0
33 58 0
17 22 0
109 1 0
127 102 0
96 56 0
111 24 0
123 85 0
24 108 0
95 121 0
42 8 0
128 19 0
39 70 0
17 15 0
110 86 0
137 44 0
132 15 0
4 123 0
66 107 0
116 16 0
39 116 0
65 92 0
11 116 0
113 65 0
127 49 0
73 120 0
6 31 0
130 75 0
110 64 0
42 10 0
83 13 0
117 84 0
99 113 0
101 36 0
114 47 0
136 128 0
102 18 0
80 17 0
11 52 0
9 90 0
132 39 0
124 134 0
118 3 0
38 40 0
119 21 0
10 37 0
14 136 0
32 98 0
4 23 0
36 6 0
105 1 0
136 104 0
52 37 0
38 45 0
74 6 0
99 114 0
131 70 0
61 110 0
20 103 0
128 26 0
115 118 0
55 20 0
9 106 0
46 61 0
35 111 0
91 87 0
119 69 0
107 106 0
130 6 0
5 104 0
99 110 0
100 79 0
104 36 0
15 10 0
77 39 0
1 76 0
93 73 0
113 75 0
84 51 0
108 91 0
29 10 0
108 43 0
108 132 0
43 114 0
25 93 0
79 74 0
20 1 0
104 82 0
115 39 0
71 90 0
20 51 0
90 4 0
69 46 0
137 2 0
24 41 0
52 105 0
128 89 0
60 94 0
135 22 0
93 38 0
85 62 0
67 133 0
6 83 0
37 29 0
13 120 0
101 77 0
58 50 0
86 116 0
73 98 0
28 110 0
58 26 0
8 80 0
119 101 0
23 58 0
133 62 0
35 15 0
132 80 0
20 56 0
129 103 0
61 103 0
97 50 0
31 54 0
45 97 0
82 18 0
136 42 0
71 102 0
74 20 0
26 58 0
128 71 0
57 78 0
129 67 0
110 92 0
13 109 0
82 94 0
118 52 0
116 124 0
26 62 0
59 56 0
35 91 0
29 81 0
7 27 0
128 32 0
42 108 0
45 15 0
87 109 0
57 120 0
64 87 0
119 79 0
70 13 0
119 99 0
112 106 0
97 67 0
125 107 0
23 49 0
10 52 0
120 15 0
29 46 0
107 8 0
120 4 0
115 98 0
44 69 0
46 79 0
106 3 0
111 107 0
22 1 0
124 19 0
68 76 0
85 103 0
8 98 0
74 116 0
133 39 0
51 11 0
5 80 0
68 18 0
91 120 0
91 100 0
123 30 0
35 10 0
28 127 0
79 37 0
53 74 0
1 3 0
24 95 0
96 32 0
99 130 0
3 101 0
32 129 0
84 24 0
8 69 0
95 120 0
95 55 0
129 88 0
13 107 0
18 40 0
89 5 0
97 112 0
19 135 0
28 91 0
47 5 0
24 55 0
99 60 0
40 105 0
122 77 0
65 31 0
130 39 0
75 121 0
28 52 0
128 63 0
63 25 0
17 60 0
127 65 0
43 111 0
7 45 0
117 27 0
114 116 0
110 87 0
31 105 0
108 44 0
35 64 0
80 110 0
92 113 0
59 76 0
71 113 0
28 34 0
37 45 0
80 35 0
136 17 0
121 101 0
10 106 0
129 39 0
96 74 0
57 113 0
86 93 0
117 2 0
58 35 0
129 99 0
73 104 0
40 82 0
11 7 0
122 121 0
88 9 0
88 125 0
77 42 0
63 67 0
24 34 0
122 34 0
104 123 0
123 94 0
126 29 0
108 106 0
105 22 0
120 114 0
56 4 0
98 135 0
86 75 0
85 6 0
45 14 0
48 11 0
47 33 0
85 120 0
94 51 0
126 111 0
134 14 0
89 120 0
32 3 0
127 41 0
5 73 0
88 99 0
134 86 0
112 108 0
131 107 0
23 74 0
48 91 0
117 78 0
37 94 0
40 6 0
88 54 0
56 55 0
26 97 0
72 31 0
11 3 0
105 29 0
18 46 0
16 76 0
103 37 0
14 77 0
100 3 0
87 112 0
72 10 0
13 114 0
28 9 0
87 135 0
4 62 0
38 121 0
120 115 0
14 113 0
44 67 0
69 137 0
48 130 0
64 94 0
63 60 0
118 24 0
30 80 0
92 104 0
13 25 0
114 89 0
8 31 0
136 117 0
98 17 0
67 137 0
14 130 0
133 65 0
46 7 0
63 89 0
81 96 0
38 100 0
47 65 0
35 65 0
104 124 0
58 61 0
15 133 0
11 71 0
133 104 0
29 79 0
48 58 0
76 56 0
117 90 0
120 95 0
66 118 0
112 107 0
91 108 0
14 12 0
128 108 0
9 85 0
69 8 0
31 46 0
38 134 0
68 55 0
14 35 0
26 137 0
58 76 0
102 17 0
8 64 0
10 100 0
18 61 0
21 55 0
62 127 0
45 120 0
105 21 0
49 1 0
62 131 0
12 107 0
132 111 0
125 100 0
95 43 0
32 41 0
103 67 0
81 76 0
27 107 0
100 7 0
76 94 0
36 127 0
37 97 0
28 121 0
82 99 0
42 63 0
38 106 0
105 90 0
131 22 0
41 131 0
26 73 0
122 59 0
133 119 0
83 105 0
102 8 0
132 69 0
116 34 0
90 56 0
128 106 0
83 24 0
131 17 0
112 121 0
42 101 0
36 38 0
105 119 0
19 21 0
127 118 0
47 36 0
47 68 0
53 78 0
54 69 0
124 50 0
67 94 0
29 88 0
87 64 0
27 127 0
5 61 0
89 96 0
35 22 0
54 106 0
130 80 0
8 86 0
96 50 0
24 99 0
93 10 0
51 38 0
17 106 0
121 115 0
87 14 0
43 68 0
123 15 0
91 4 0
36 74 0
69 16 0
11 21 0
39 69 0
59 48 0
60 111 0
54 7 0
90 134 0
97 131 0
11 66 0
39 45 0
55 65 0
57 64 0
65 88 0
53 28 0
76 49 0
133 72 0
74 66 0
26 82 0
49 45 0
51 84 0
30 59 0
124 106 0
48 100 0
93 39 0
10 75 0
50 136 0
131 55 0
65 83 0
111 4 0
105 16 0
59 91 0
31 37 0
41 102 0
32 46 0
136 129 0
64 68 0
13 74 0
47 2 0
56 8 0
22 56 0
62 51 0
44 91 0
88 108 0
104 38 0
82 48 0
62 121 0
43 83 0
85 37 0
89 78 0
35 131 0
77 48 0
94 126 0
55 123 0
35 27 0
70 100 0
125 86 0
137 112 0
39 55 0
10 27 0
88 6 0
71 109 0
91 56 0
53 56 0
65 33 0
106 101 0
33 46 0
74 10 0
59 122 0
28 16 0
53 91 0
114 104 0
18 88 0
120 91 0
45 77 0
71 30 0
96 88 0
58 96 0
45 30 0
115 52 0
47 130 0
51 89 0
80 76 0
20 109 0
17 112 0
92 50 0
114 79 0
135 11 0
78 46 0
32 72 0
75 5 0
132 85 0
112 93 0
49 69 0
66 83 0
62 8 0
18 55 0
13 41 0
129 28 0
129 80 0
79 53 0
29 33 0
42 93 0
24 106 0
110 27 0
67 37 0
62 134 0
79 63 0
68 103 0
97 108 0
9 132 0
21 4 0
22 108 0
134 126 0
51 42 0
123 98 0
125 93 0
83 70 0
109 101 0
102 7 0
47 13 0
13 118 0
106 20 0
89 85 0
82 30 0
72 37 0
121 41 0
133 117 0
71 36 0
86 125 0
59 135 0
4 11 0
21 2 0
89 35 0
75 108 0
45 6 0
75 17 0
70 129 0
55 63 0
86 105 0
81 85 0
18 64 0
8 18 0
36 114 0
74 19 0
23 48 0
86 122 0
117 36 0
58 83 0
60 54 0
32 128 0
74 124 0
31 48 0
38 119 0
83 12 0
1 122 0
102 46 0
24 67 0
59 106 0
71 105 0
47 46 0
98 39 0
37 25 0
28 21 0
132 79 0
112 30 0
19 109 0
70 103 0
26 1 0
97 26 0
124 8 0
133 82 0
50 123 0
79 105 0
11 72 0
130 1 0
85 112 0
7 58 0
129 19 0
61 102 0
58 103 0
27 80 0
115 102 0
25 43 0
2 47 0
8 109 0
83 116 0
105 76 0
21 117 0
129 17 0
137 56 0
115 21 0
36 85 0
34 45 0
47 84 0
62 122 0
123 129 0
97 12 0
46 70 0
4 8 0
76 40 0
66 30 0
84 52 0
70 110 0
83 18 0
46 112 0
111 75 0
60 112 0
57 131 0
65 85 0
95 1 0
113 26 0
76 82 0
80 12 0
15 76 0
20 23 0
131 94 0
80 124 0
118 14 0
103 125 0
39 115 0
98 105 0
29 44 0
117 46 0
55 79 0
23 87 0
101 105 0
121 79 0
57 56 0
26 4 0
93 77 0
40 8 0
72 135 0
91 117 0
45 92 0
119 110 0
104 95 0
66 27 0
68 132 0
48 43 0
8 118 0
38 88 0
73 50 0
114 9 0
60 118 0
135 124 0
119 134 0
65 67 0
114 6 0
75 66 0
76 39 0
131 119 0
39 13 0
104 86 0
119 47 0
137 33 0
71 44 0
96 119 0
126 104 0
30 48 0
80 1 0
88 34 0
59 2 0
136 125 0
106 104 0
80 122 0
92 79 0
77 72 0
54 28 0
4 115 0
50 31 0
74 98 0
115 1 0
135 133 0
34 96 0
12 128 0
61 18 0
4 82 0
125 15 0
36 15 0
106 28 0
135 49 0
50 103 0
50 119 0
11 127 0
64 8 0
30 9 0
100 11 0
19 30 0
43 28 0
134 58 0
53 94 0
32 109 0
80 30 0
130 69 0
35 112 0
97 28 0
133 86 0
49 34 0
112 132 0
20 120 0
66 105 0
45 61 0
64 120 0
18 45 0
100 72 0
67 87 0
123 46 0
79 56 0
61 14 0
114 26 0
25 119 0
109 83 0
66 3 0
132 125 0
53 85 0
113 71 0
18 38 0
38 58 0
43 65 0
1 44 0
101 116 0
124 88 0
51 68 0
95 32 0
57 122 0
61 70 0
98 6 0
114 73 0
85 22 0
55 95 0
16 66 0
40 1 0
26 120 0
19 74 0
114 109 0
70 63 0
21 131 0
124 89 0
23 120 0
10 96 0
136 103 0
123 110 0
72 4 0
21 31 0
29 126 0
98 64 0
4 76 0
113 29 0
108 118 0
25 23 0
110 130 0
13 46 0
70 56 0
126 32 0
24 30 0
35 121 0
20 26 0
53 87 0
117 24 0
55 80 0
130 83 0
69 21 0
60 21 0
6 122 0
104 116 0
42 56 0
35 59 0
59 102 0
41 27 0
126 108 0
47 23 0
97 36 0
133 43 0
52 89 0
14 118 0
87 19 0
79 129 0
111 14 0
79 101 0
98 96 0
69 4 0
33 81 0
8 24 0
33 1 0
68 84 0
65 38 0
18 28 0
84 14 0
37 103 0
90 101 0
122 58 0
14 55 0
79 33 0
35 109 0
102 45 0
95 54 0
36 56 0
74 34 0
30 12 0
100 22 0
42 87 0
11 115 0
29 105 0
30 22 0
38 59 0
53 4 0
78 89 0
102 5 0
40 76 0
22 44 0
63 24 0
55 90 0
88 61 0
101 27 0
17 51 0
67 78 0
37 120 0
52 12 0
73 9 0
17 84 0
11 80 0
124 108 0
88 78 0
134 65 0
78 7 0
109 9 0
115 105 0
47 21 0
29 68 0
92 103 0
100 133 0
38 14 0
31 117 0
60 97 0
45 129 0
126 103 0
97 101 0
32 64 0
41 69 0
84 88 0
2 9 0
39 127 0
95 117 0
36 33 0
58 105 0
105 79 0
5 107 0
36 4 0
90 26 0
19 49 0
42 80 0
53 22 0
17 8 0
88 33 0
125 71 0
118 95 0
89 95 0
18 53 0
70 132 0
41 21 0
118 26 0
127 13 0
119 30 0
33 11 0
51 3 0
126 25 0
131 75 0
113 96 0
126 81 0
57 102 0
1 118 0
104 20 0
118 74 0
115 38 0
61 101 0
29 60 0
125 1 0
4 48 0
2 45 0
79 9 0
132 60 0
47 112 0
122 95 0
34 72 0
11 99 0
30 37 0
64 10 0
93 129 0
120 126 0
19 13 0
31 5 0
50 46 0
41 73 0
110 78 0
93 83 0
1 124 0
6 34 0
110 32 0
92 19 0
3 86 0
40 18 0
117 116 0
84 7 0
117 104 0
95 65 0
64 129 0
13 94 0
27 130 0
31 107 0
99 132 0
68 44 0
63 46 0
5 74 0
70 94 0
7 22 0
33 43 0
19 110 0
44 86 0
41 93 0
92 44 0
61 118 0
90 59 0
134 78 0
19 92 0
32 23 0
126 33 0
128 127 0
9 73 0
128 75 0
73 56 0
12 40 0
103 74 0
59 94 0
66 87 0
17 39 0
35 87 0
99 33 0
50 29 0
26 108 0
62 88 0
129 56 0
62 137 0
114 42 0
1 29 0
6 33 0
28 74 0
38 33 0
17 42 0
116 15 0
23 64 0
11 36 0
18 11 0
115 77 0
64 40 0
57 3 0
25 124 0
38 46 0
16 67 0
105 64 0
19 6 0
119 39 0
56 58 0
131 50 0
102 59 0
43 10 0
102 2 0
106 125 0
134 89 0
26 70 0
37 42 0
90 11 0
12 110 0
33 15 0
103 10 0
4 67 0
46 130 0
98 29 0
121 123 0
18 54 0
95 123 0
131 58 0
103 42 0
109 57 0
55 39 0
58 87 0
45 105 0
13 129 0
86 26 0
67 84 0
104 46 0
39 47 0
110 129 0
111 27 0
32 82 0
134 3 0
69 57 0
124 48 0
63 14 0
111 97 0
44 93 0
73 51 0
18 98 0
124 51 0
73 134 0
48 104 0
83 81 0
38 19 0
131 133 0
20 48 0
125 91 0
85 80 0
2 60 0
7 116 0
51 71 0
68 63 0
115 46 0
137 128 0
22 95 0
33 23 0
12 55 0
12 62 0
70 137 0
51 29 0
4 104 0
80 4 0
119 7 0
67 76 0
116 30 0
15 17 0
16 103 0
81 58 0
41 129 0
105 99 0
74 129 0
86 29 0
35 5 0
5 37 0
68 8 0
80 119 0
5 98 0
79 62 0
114 68 0
12 127 0
82 78 0
8 106 0
129 118 0
38 4 0
67 135 0
97 72 0
111 108 0
56 76 0
75 1 0
20 6 0
41 87 0
68 43 0
132 2 0
8 21 0
28 72 0
19 116 0
2 10 0
7 91 0
84 21 0
6 131 0
26 47 0
81 7 0
109 63 0
118 68 0
114 86 0
90 89 0
14 82 0
29 42 0
118 115 0
135 88 0
43 70 0
111 67 0
52 81 0
120 35 0
73 4 0
124 16 0
32 84 0
91 22 0
127 37 0
47 4 0
116 92 0
42 54 0
110 44 0
6 74 0
94 61 0
31 11 0
83 115 0
26 12 0
66 60 0
111 40 0
53 23 0
122 130 0
121 56 0
4 79 0
126 89 0
43 97 0
125 60 0
77 113 0
105 51 0
124 119 0
12 59 0
56 126 0
49 21 0
131 5 0
29 26 0
84 70 0
35 98 0
85 16 0
53 25 0
131 40 0
85 117 0
101 38 0
127 32 0
42 128 0
54 84 0
90 20 0
7 11 0
104 29 0
47 81 0
124 54 0
8 94 0
132 124 0
86 69 0
54 121 0
72 96 0
70 10 0
112 19 0
79 32 0
101 6 0
7 97 0
37 63 0
61 58 0
82 57 0
13 38 0
21 119 0
26 17 0
36 24 0
43 78 0
84 98 0
109 73 0
124 101 0
63 85 0
113 62 0
65 131 0
74 13 0
54 32 0
23 38 0
88 59 0
65 53 0
100 117 0
88 77 0
52 93 0
100 95 0
81 90 0
135 32 0
24 50 0
12 84 0
69 74 0
36 43 0
64 77 0
114 64 0
81 114 0
88 30 0
106 67 0
132 52 0
84 44 0
30 58 0
38 126 0
131 100 0
39 52 0
65 30 0
36 10 0
89 65 0
11 89 0
8 125 0
104 43 0
109 36 0
120 10 0
77 128 0
133 84 0
10 64 0
91 80 0
118 84 0
54 78 0
61 52 0
73 47 0
97 35 0
83 135 0
20 119 0
46 64 0
96 98 0
72 102 0
1 135 0
103 109 0
99 17 0
57 96 0
39 74 0
28 97 0
41 11 0
3 119 0
102 131 0
51 79 0
88 86 0
50 93 0
43 12 0
51 133 0
103 7 0
104 132 0
102 94 0
91 81 0
48 57 0
17 10 0
102 6 0
50 133 0
89 82 0
52 99 0
126 68 0
83 7 0
66 137 0
130 5 0
22 51 0
65 24 0
132 59 0
101 53 0
32 123 0
120 53 0
6 111 0
84 25 0
12 36 0
79 54 0
126 79 0
44 136 0
20 134 0
15 102 0
74 33 0
9 76 0
1 108 0
126 76 0
57 84 0
62 84 0
102 84 0
62 23 0
36 102 0
29 7 0
55 85 0
102 92 0
23 25 0
34 14 0
133 37 0
86 42 0
20 118 0
105 19 0
104 62 0
45 101 0
35 127 0
27 6 0
66 62 0
107 81 0
24 61 0
4 130 0
124 61 0
46 66 0
40 62 0
85 126 0
43 132 0
79 119 0
27 91 0
77 123 0
89 40 0
56 100 0
26 57 0
33 128 0
56 70 0
129 4 0
41 9 0
91 103 0
124 33 0
19 22 0
1 94 0
57 31 0
3 45 0
33 69 0
105 133 0
100 27 0
96 112 0
49 7 0
61 114 0
3 107 0
95 3 0
76 97 0
87 27 0
31 61 0
65 17 0
84 137 0
63 62 0
55 1 0
123 77 0
20 126 0
20 82 0
58 130 0
45 93 0
134 35 0
110 7 0
51 86 0
80 70 0
80 111 0
5 62 0
13 3 0
105 40 0
108 32 0
33 44 0
30 129 0
51 106 0
67 40 0
57 92 0
91 34 0
7 94 0
125 115 0
37 132 0
14 49 0
90 123 0
73 131 0
12 80 0
128 70 0
53 127 0
123 127 0
21 108 0
69 100 0
6 121 0
70 59 0
52 107 0
56 110 0
95 75 0
31 134 0
57 77 0
43 137 0
47 118 0
133 113 0
102 30 0
6 91 0
71 3 0
71 93 0
77 44 0
81 93 0
28 111 0
7 125 0
9 37 0
115 62 0
25 10 0
110 90 0
61 97 0
126 128 0
99 43 0
54 18 0
61 82 0
65 101 0
58 92 0
60 126 0
117 11 0
38 20 0
40 53 0
24 123 0
43 116 0
37 31 0
97 14 0
120 130 0
97 23 0
5 95 0
120 14 0
18 135 0
95 39 0
45 117 0
53 21 0
83 47 0
50 44 0
91 121 0
10 82 0
45 67 0
33 57 0
10 23 0
73 115 0
47 15 0
42 86 0
34 107 0
54 11 0
103 120 0
67 53 0
102 12 0
35 61 0
59 38 0
60 77 0
66 109 0
124 133 0
79 10 0
9 6 0
82 6 0
85 96 0
74 88 0
5 34 0
18 125 0
75 55 0
14 68 0
74 128 0
99 106 0
93 114 0
92 134 0
51 129 0
53 11 0
86 84 0
83 33 0
23 37 0
54 10 0
25 92 0
101 51 0
91 68 0
54 12 0
126 72 0
54 41 0
60 29 0
137 27 0
3 84 0
14 95 0
136 127 0
133 97 0
84 38 0
24 31 0
135 50 0
120 44 0
2 124 0
68 48 0
39 25 0
10 111 0
111 128 0
108 76 0
85 55 0
74 7 0
51 66 0
70 92 0
9 135 0
58 45 0
15 62 0
48 28 0
93 20 0
40 10 0
118 37 0
56 98 0
110 41 0
57 126 0
49 77 0
15 51 0
51 14 0
81 17 0
19 120 0
90 85 0
111 133 0
22 36 0
136 108 0
46 53 0
42 38 0
64 98 0
74 86 0
83 4 0
100 36 0
67 31 0
60 26 0
19 82 0
70 41 0
110 29 0
5 67 0
53 126 0
59 50 0
103 50 0
51 96 0
70 8 0
119 9 0
87 30 0
91 48 0
65 27 0
65 76 0
126 82 0
123 130 0
60 2 0
107 4 0
51 55 0
74 78 0
35 52 0
84 133 0
22 4 0
9 16 0
25 58 0
43 93 0
68 14 0
48 65 0
110 31 0
40 63 0
74 106 0
87 85 0
96 70 0
127 96 0
51 5 0
23 51 0
123 135 0
64 56 0
4 9 0
107 111 0
112 79 0
18 86 0
77 79 0
66 5 0
61 20 0
123 105 0
12 47 0
73 13 0
130 90 0
124 20 0
121 61 0
105 124 0
72 105 0
122 3 0
104 61 0
127 74 0
102 106 0
87 90 0
8 11 0
8 89 0
124 79 0
47 20 0
128 98 0
27 47 0
19 14 0
130 88 0
19 17 0
40 69 0
48 102 0
14 33 0
101 47 0
26 81 0
22 128 0
26 83 0
136 63 0
58 16 0
50 59 0
32 61 0
36 106 0
56 114 0
125 111 0
52 104 0
44 89 0
80 68 0
69 71 0
27 54 0
113 118 0
50 88 0
59 109 0
3 79 0
2 65 0
18 52 0
45 135 0
128 78 0
32 80 0
101 127 0
26 29 0
76 66 0
61 108 0
45 60 0
124 100 0
12 137 0
125 102 0
127 87 0
40 67 0
4 34 0
83 28 0
102 52 0
119 2 0
42 78 0
102 93 0
116 14 0
115 63 0
116 122 0
81 57 0
113 4 0
16 96 0
52 62 0
85 39 0
12 50 0
72 25 0
117 23 0
13 90 0
73 42 0
37 123 0
78 62 0
17 45 0
35 119 0
89 87 0
122 83 0
33 55 0
93 8 0
76 21 0
29 134 0
131 78 0
102 66 0
120 59 0
46 132 0
112 114 0
4 6 0
59 117 0
52 15 0
9 54 0
95 48 0
126 85 0
9 129 0
19 67 0
38 99 0
61 117 0
95 128 0
73 99 0
22 72 0
30 56 0
112 128 0
110 85 0
86 17 0
95 37 0
15 29 0
70 57 0
86 37 0
114 121 0
27 121 0
65 19 0
120 49 0
38 90 0
131 3 0
31 63 0
107 67 0
108 56 0
16 51 0
22 86 0
109 124 0
13 116 0
84 123 0
13 103 0
80 132 0
69 89 0
120 33 0
126 47 0
36 99 0
112 28 0
24 33 0
31 59 0
33 133 0
136 35 0
68 50 0
5 84 0
115 50 0
113 60 0
37 114 0
44 36 0
109 58 0
125 117 0
71 7 0
59 72 0
120 69 0
52 82 0
67 112 0
75 92 0
36 118 0
3 30 0
120 27 0
85 135 0
67 121 0
31 135 0
106 109 0
13 80 0
35 6 0
10 25 0
52 111 0
18 12 0
34 69 0
91 113 0
115 10 0
54 22 0
14 75 0
121 17 0
93 17 0
127 132 0
88 60 0
7 51 0
66 76 0
80 84 0
127 88 0
46 124 0
52 120 0
110 11 0
91 63 0
74 70 0
88 32 0
117 100 0
40 22 0
44 35 0
79 7 0
102 47 0
91 19 0
54 60 0
108 60 0
69 124 0
106 86 0
85 65 0
9 124 0
45 90 0
99 18 0
15 121 0
101 80 0
129 6 0
86 19 0
88 72 0
87 36 0
129 91 0
38 109 0
114 94 0
33 78 0
38 105 0
56 102 0
84 115 0
100 40 0
25 80 0
5 116 0
58 99 0
69 27 0
66 82 0
99 107 0
55 58 0
93 85 0
33 22 0
54 52 0
76 136 0
54 39 0
23 86 0
70 11 0
77 70 0
89 137 0
15 9 0
93 4 0
96 15 0
47 1 0
136 82 0
55 94 0
66 23 0
95 89 0
119 137 0
21 53 0
82 46 0
60 52 0
51 132 0
33 61 0
66 47 0
42 110 0
98 12 0
53 35 0
54 122 0
66 75 0
122 1 0
22 27 0
20 39 0
125 26 0
7 62 0
28 44 0
41 15 0
55 77 0
81 52 0
130 11 0
123 49 0
123 14 0
110 65 0
94 28 0
84 110 0
68 86 0
61 57 0
49 36 0
8 123 0
71 6 0
77 24 0
36 132 0
108 24 0
67 11 0
128 83 0
1 68 0
5 125 0
45 111 0
63 11 0
75 24 0
31 106 0
108 14 0
22 28 0
111 122 0
5 83 0
46 93 0
33 9 0
115 23 0
19 105 0
17 56 0
11 30 0
62 66 0
86 111 0
27 51 0
55 25 0
104 118 0
107 31 0
92 5 0
92 15 0
23 22 0
13 40 0
100 71 0
127 95 0
34 70 0
68 57 0
119 66 0
27 126 0
6 44 0
95 21 0
77 96 0
108 124 0
73 45 0
58 111 0
131 82 0
120 122 0
129 59 0
103 112 0
122 94 0
48 1 0
18 41 0
11 123 0
55 18 0
60 134 0
110 12 0
132 29 0
87 106 0
119 60 0
127 56 0
59 23 0
47 49 0
59 66 0
7 42 0
99 61 0
71 106 0
110 93 0
57 76 0
112 26 0
56 33 0
64 128 0
79 97 0
67 125 0
107 82 0
46 88 0
18 89 0
61 89 0
135 128 0
4 95 0
102 124 0
137 7 0
98 31 0
23 88 0
137 126 0
62 95 0
137 1 0
71 95 0
23 80 0
95 133 0
58 122 0
48 124 0
135 106 0
119 132 0
95 52 0
90 88 0
79 124 0
108 59 0
5 124 0
62 114 0
84 111 0
89 72 0
5 109 0
32 121 0
22 118 0
44 114 0
39 79 0
17 126 0
69 50 0
42 111 0
125 116 0
127 119 0
128 28 0
50 26 0
26 37 0
43 91 0
25 11 0
115 88 0
20 17 0
89 67 0
2 101 0
124 15 0
12 45 0
126 132 0
53 117 0
135 104 0
47 122 0
129 83 0
72 33 0
68 117 0
106 81 0
14 5 0
11 100 0
79 130 0
131 116 0
68 70 0
64 5 0
68 82 0
135 27 0
92 131 0
86 39 0
79 26 0
43 76 0
107 64 0
76 115 0
129 53 0
78 71 0
72 74 0
53 115 0
10 76 0
77 115 0
133 29 0
48 74 0
44 103 0
65 123 0
85 60 0
83 48 0
84 43 0
33 48 0
42 41 0
11 103 0
130 97 0
81 55 0
127 89 0
83 99 0
78 132 0
12 37 0
124 9 0
15 33 0
46 127 0
12 86 0
99 79 0
132 77 0
111 43 0
129 100 0
40 38 0
117 66 0
109 70 0
60 82 0
10 6 0
91 9 0
15 70 0
8 32 0
83 79 0
11 37 0
57 11 0
32 113 0
39 16 0
84 37 0
101 63 0
25 134 0
36 71 0
87 100 0
79 47 0
111 81 0
119 43 0
51 94 0
67 64 0
5 8 0
85 17 0
106 77 0
18 9 0
73 61 0
109 13 0
26 22 0
89 106 0
99 92 0
107 7 0
88 43 0
51 110 0
45 55 0
46 50 0
23 63 0
22 43 0
60 101 0
103 130 0
88 119 0
7 43 0
81 16 0
80 48 0
69 31 0
29 98 0
13 5 0
21 32 0
136 135 0
135 51 0
36 115 0
43 115 0
111 63 0
97 134 0
74 100 0
126 131 0
100 46 0
125 30 0
71 19 0
136 36 0
29 61 0
64 86 0
129 68 0
7 88 0
123 109 0
131 84 0
34 74 0
38 31 0
96 11 0
51 109 0
41 70 0
42 79 0
85 34 0
96 136 0
86 91 0
55 48 0
36 45 0
111 103 0
26 135 0
116 47 0
71 69 0
13 12 0
70 108 0
58 115 0
86 99 0
41 44 0
86 41 0
55 9 0
94 105 0
134 43 0
64 110 0
90 49 0
95 131 0
2 57 0
20 117 0
26 35 0
134 28 0
56 89 0
3 54 0
100 69 0
129 7 0
132 61 0
136 76 0
54 83 0
49 120 0
35 80 0
86 67 0
48 107 0
137 76 0
23 6 0
101 118 0
90 5 0
113 54 0
16 56 0
47 43 0
104 60 0
40 32 0
16 104 0
30 99 0
108 103 0
30 47 0
97 132 0
59 89 0
115 26 0
64 88 0
18 6 0
1 100 0
28 101 0
37 57 0
123 7 0
134 51 0
127 113 0
23 31 0
17 24 0
65 87 0
43 1 0
33 132 0
18 105 0
7 3 0
21 8 0
128 76 0
40 88 0
35 122 0
130 112 0
23 84 0
136 27 0
112 104 0
28 55 0
114 100 0
82 76 0
125 52 0
70 23 0
44 120 0
66 25 0
107 128 0
63 103 0
60 31 0
83 109 0
24 110 0
112 87 0
107 134 0
136 99 0
110 47 0
23 56 0
38 62 0
8 116 0
109 71 0
101 15 0
136 59 0
83 2 0
37 46 0
62 116 0
54 27 0
29 115 0
72 124 0
89 129 0
117 60 0
103 17 0
53 70 0
3 102 0
60 55 0
83 123 0
32 110 0
82 5 0
32 14 0
126 6 0
103 73 0
84 119 0
111 60 0
53 45 0
119 133 0
27 132 0
75 9 0
56 77 0
58 110 0
87 57 0
7 90 0
39 93 0
128 131 0
23 77 0
121 136 0
49 32 0
5 82 0
127 9 0
31 1 0
75 137 0
49 87 0
8 59 0
50 63 0
46 12 0
125 8 0
134 112 0
130 40 0
89 43 0
85 125 0
22 113 0
69 90 0
74 30 0
50 30 0
41 13 0
128 59 0
105 123 0
124 98 0
31 67 0
101 12 0
3 70 0
31 73 0
71 125 0
41 89 0
118 83 0
133 59 0
116 74 0
45 19 0
46 96 0
46 135 0
112 39 0
72 82 0
62 130 0
88 85 0
21 82 0
110 53 0
36 25 0
84 95 0
126 91 0
17 125 0
99 118 0
3 81 0
75 95 0
66 102 0
37 98 0
89 46 0
52 90 0
41 76 0
60 18 0
23 85 0
126 23 0
32 60 0
72 136 0
100 125 0
58 80 0
41 136 0
93 103 0
87 124 0
74 15 0
36 87 0
71 5 0
137 61 0
10 34 0
15 44 0
71 108 0
6 97 0
66 85 0
34 85 0
35 70 0
84 72 0
100 58 0
17 130 0
47 80 0
87 26 0
71 120 0
106 131 0
24 47 0
63 100 0
70 27 0
95 78 0
73 34 0
76 8 0
31 16 0
71 85 0
59 86 0
98 120 0
76 75 0
27 73 0
26 3 0
56 63 0
66 50 0
80 133 0
48 63 0
63 77 0
85 108 0
66 86 0
7 16 0
57 10 0
9 7 0
17 134 0
1 87 0
22 135 0
21 98 0
114 87 0
99 49 0
55 83 0
85 91 0
95 23 0
96 54 0
25 9 0
11 117 0
5 45 0
72 34 0
101 108 0
2 29 0
85 48 0
99 9 0
124 41 0
101 42 0
52 33 0
2 111 0
51 75 0
123 118 0
109 4 0
74 40 0
129 65 0
114 71 0
45 35 0
110 133 0
26 32 0
55 38 0
83 133 0
104 5 0
59 13 0
42 50 0
118 112 0
136 107 0
129 31 0
51 43 0
113 134 0
53 82 0
21 59 0
16 136 0
121 104 0
44 132 0
102 95 0
50 122 0
20 123 0
134 33 0
108 3 0
124 120 0
21 6 0
80 79 0
103 29 0
100 136 0
131 126 0
70 118 0
77 35 0
129 26 0
118 73 0
101 132 0
77 130 0
97 29 0
39 49 0
64 34 0
127 3 0
8 38 0
124 135 0
1 91 0
33 29 0
120 43 0
132 36 0
49 91 0
16 10 0
130 101 0
25 74 0
87 20 0
74 32 0
102 98 0
109 105 0
17 54 0
37 23 0
15 119 0
14 94 0
89 110 0
88 116 0
63 108 0
21 95 0
71 20 0
136 6 0
61 67 0
38 82 0
105 62 0
96 24 0
114 90 0
53 8 0
24 8 0
28 63 0
119 97 0
57 70 0
36 62 0
64 6 0
117 95 0
104 117 0
13 11 0
81 33 0
39 62 0
73 69 0
14 81 0
64 63 0
29 45 0
38 120 0
20 7 0
11 106 0
1 22 0
50 135 0
80 7 0
6 76 0
34 124 0
110 82 0
85 18 0
1 73 0
29 5 0
15 81 0
124 59 0
72 24 0
13 62 0
74 105 0
3 134 0
16 25 0
137 26 0
15 64 0
78 77 0
136 97 0
88 100 0
129 84 0
18 99 0
59 93 0
81 12 0
9 57 0
16 26 0
76 85 0
81 3 0
57 117 0
49 35 0
8 35 0
6 129 0
122 125 0
65 75 0
130 35 0
60 46 0
73 89 0
58 27 0
110 4 0
27 89 0
103 114 0
127 36 0
10 81 0
47 12 0
32 49 0
79 115 0
84 136 0
35 4 0
103 34 0
129 34 0
43 46 0
123 25 0
68 107 0
37 4 0
67 41 0
23 46 0
120 30 0
35 120 0
104 57 0
81 69 0
108 131 0
111 117 0
19 46 0
11 40 0
67 12 0
104 84 0
125 105 0
50 6 0
84 89 0
53 137 0
67 114 0
58 36 0
94 79 0
117 72 0
95 126 0
17 88 0
74 57 0
119 26 0
54 105 0
66 115 0
7 56 0
6 12 0
86 98 0
43 71 0
46 58 0
90 106 0
16 118 0
70 95 0
106 7 0
72 100 0
49 108 0
2 12 0
53 42 0
103 96 0
64 105 0
65 84 0
52 17 0
91 107 0
44 3 0
10 48 0
58 136 0
5 93 0
55 4 0
85 8 0
116 19 0
73 125 0
70 72 0
3 97 0
137 15 0
45 123 0
87 46 0
136 94 0
50 69 0
48 51 0
135 127 0
101 79 0
128 79 0
50 128 0
15 130 0
132 25 0
42 30 0
6 30 0
105 135 0
62 47 0
79 40 0
127 94 0
37 135 0
106 80 0
25 30 0
85 132 0
43 4 0
20 92 0
63 93 0
54 30 0
31 89 0
33 116 0
97 24 0
60 90 0
4 107 0
10 15 0
8 79 0
112 81 0
69 9 0
128 46 0
35 63 0
72 61 0
130 37 0
40 119 0
126 83 0
119 129 0
60 96 0
80 53 0
82 87 0
108 57 0
125 39 0
126 16 0
28 60 0
80 63 0
42 49 0
98 60 0
123 5 0
83 21 0
89 13 0
10 66 0
100 112 0
136 44 0
106 115 0
62 31 0
66 80 0
37 49 0
121 20 0
111 52 0
94 83 0
134 66 0
72 131 0
49 13 0
17 64 0
42 20 0
96 25 0
4 80 0
84 23 0
44 118 0
53 47 0
95 115 0
77 14 0
133 6 0
121 75 0
31 8 0
105 71 0
69 119 0
95 73 0
118 32 0
86 64 0
120 38 0
46 37 0
96 46 0
136 91 0
79 5 0
75 10 0
42 2 0
121 52 0
101 104 0
27 119 0
21 58 0
95 60 0
81 49 0
33 135 0
64 136 0
74 109 0
51 122 0
107 135 0
60 117 0
70 36 0
7 92 0
12 71 0
131 29 0
54 15 0
113 63 0
43 16 0
49 29 0
69 66 0
106 79 0
107 63 0
6 136 0
101 10 0
86 113 0
103 124 0
117 17 0
125 88 0
75 2 0
10 63 0
16 72 0
10 71 0
90 128 0
12 61 0
115 40 0
101 82 0
46 33 0
93 2 0
65 100 0
90 93 0
63 127 0
82 47 0
26 121 0
79 98 0
52 54 0
121 102 0
44 134 0
39 28 0
82 37 0
66 106 0
135 18 0
129 74 0
137 21 0
56 103 0
26 103 0
129 29 0
19 112 0
120 133 0
97 76 0
109 92 0
25 50 0
58 77 0
124 110 0
1 77 0
89 38 0
37 73 0
61 59 0
83 73 0
64 23 0
70 126 0
40 60 0
25 13 0
137 35 0
30 94 0
26 13 0
15 95 0
101 45 0
20 101 0
136 26 0
31 123 0
32 120 0
109 131 0
118 136 0
45 34 0
102 116 0
114 106 0
20 91 0
128 23 0
52 106 0
107 98 0
42 37 0
7 67 0
64 100 0
133 21 0
123 128 0
98 46 0
90 53 0
56 69 0
121 14 0
68 109 0
50 25 0
98 73 0
135 107 0
38 79 0
95 14 0
92 13 0
131 37 0
66 123 0
3 99 0
123 10 0
84 39 0
27 117 0
63 32 0
42 100 0
80 32 0
41 106 0
72 8 0
77 54 0
18 133 0
107 86 0
37 5 0
104 93 0
8 90 0
31 21 0
10 40 0
40 96 0
47 86 0
51 85 0
4 89 0
53 106 0
37 20 0
80 3 0
54 88 0
55 6 0
84 47 0
54 76 0
75 96 0
76 83 0
97 127 0
55 54 0
44 62 0
93 78 0
56 11 0
26 131 0
61 130 0
56 134 0
80 15 0
46 15 0
128 54 0
57 82 0
26 126 0
65 82 0
1 114 0
96 130 0
39 88 0
110 23 0
84 125 0
89 45 0
76 60 0
1 64 0
72 66 0
94 113 0
89 22 0
47 106 0
94 37 0
113 86 0
72 98 0
6 17 0
117 41 0
124 105 0
134 31 0
103 36 0
102 10 0
62 81 0
3 34 0
70 123 0
42 96 0
119 124 0
77 66 0
47 52 0
43 77 0
6 107 0
74 29 0
126 4 0
91 16 0
129 41 0
81 75 0
64 122 0
117 45 0
115 30 0
55 109 0
17 19 0
62 124 0
15 71 0
33 50 0
54 33 0
96 61 0
35 28 0
124 43 0
43 98 0
9 89 0
85 1 0
15 86 0
61 2 0
122 64 0
85 19 0
35 67 0
31 86 0
72 56 0
128 43 0
81 113 0
61 7 0
112 25 0
39 136 0
39 66 0
99 109 0
7 5 0
72 17 0
57 39 0
49 90 0
100 113 0
132 24 0
32 2 0
99 29 0
12 89 0
88 62 0
84 27 0
64 81 0
137 30 0
62 58 0
85 66 0
101 113 0
89 4 0
112 123 0
103 45 0
100 130 0
22 37 0
44 125 0
6 86 0
7 130 0
35 106 0
85 36 0
24 104 0
16 1 0
109 116 0
41 115 0
58 46 0
51 91 0
77 61 0
133 105 0
135 101 0
65 56 0
66 116 0
53 48 0
114 38 0
76 11 0
115 130 0
93 106 0
118 1 0
32 45 0
38 127 0
83 43 0
68 30 0
41 63 0
48 77 0
97 122 0
22 65 0
27 25 0
19 130 0
32 43 0
17 69 0
83 98 0
66 33 0
39 126 0
14 10 0
66 94 0
57 68 0
26 116 0
101 66 0
60 34 0
113 88 0
84 10 0
85 64 0
89 104 0
66 104 0
92 68 0
9 19 0
18 30 0
44 55 0
53 36 0
113 90 0
62 118 0
34 123 0
48 69 0
101 1 0
29 87 0
38 103 0
121 83 0
81 30 0
56 119 0
90 41 0
118 10 0
130 49 0
9 93 0
111 58 0
107 75 0
109 100 0
37 90 0
121 97 0
13 59 0
32 118 0
80 60 0
93 95 0
37 102 0
67 81 0
55 134 0
65 98 0
28 136 0
85 35 0
79 90 0
45 137 0
86 112 0
54 26 0
37 107 0
61 9 0
42 36 0
113 41 0
119 6 0
127 109 0
76 54 0
42 134 0
82 52 0
118 18 0
24 121 0
106 25 0
62 111 0
61 28 0
100 123 0
87 107 0
108 110 0
91 95 0
122 137 0
128 13 0
5 30 0
77 37 0
124 35 0
77 59 0
89 136 0
33 26 0
15 83 0
47 61 0
6 46 0
119 1 0
119 23 0
105 131 0
16 117 0
68 91 0
18 74 0
78 33 0
13 10 0
102 43 0
89 56 0
120 77 0
75 97 0
80 83 0
88 129 0
1 45 0
14 119 0
132 44 0
31 137 0
89 88 0
135 63 0
28 89 0
62 52 0
105 10 0
112 68 0
38 3 0
50 116 0
37 75 0
101 35 0
131 61 0
116 9 0
98 32 0
113 105 0
37 100 0
93 91 0
11 18 0
115 51 0
123 64 0
61 77 0
108 117 0
87 11 0
74 114 0
64 15 0
22 9 0
54 4 0
107 35 0
55 137 0
89 91 0
71 12 0
110 50 0
55 132 0
56 39 0
12 6 0
103 88 0
13 133 0
41 38 0
34 63 0
62 132 0
34 80 0
77 25 0
19 90 0
63 13 0
97 53 0
40 25 0
8 75 0
127 125 0
68 61 0
110 98 0
11 120 0
33 107 0
82 38 0
20 49 0
52 61 0
29 32 0
83 107 0
57 133 0
121 63 0
12 78 0
23 17 0
47 110 0
126 119 0
68 26 0
110 81 0
4 110 0
74 46 0
114 103 0
71 99 0
127 124 0
102 28 0
31 55 0
132 73 0
51 44 0
8 100 0
39 53 0
35 29 0
24 134 0
27 70 0
78 69 0
66 92 0
35 72 0
127 133 0
40 125 0
81 97 0
72 116 0
10 65 0
128 124 0
37 121 0
97 125 0
131 62 0
123 107 0
48 41 0
50 84 0
14 124 0
95 90 0
86 40 0
2 89 0
4 46 0
33 35 0
51 113 0
46 94 0
103 13 0
69 49 0
16 41 0
28 87 0
90 33 0
32 68 0
88 36 0
59 3 0
101 52 0
95 38 0
76 98 0
85 134 0
73 12 0
74 72 0
21 29 0
105 83 0
123 133 0
24 112 0
105 107 0
39 123 0
28 62 0
14 83 0
105 15 0
13 66 0
30 126 0
1 115 0
36 19 0
117 43 0
104 80 0
22 90 0
75 119 0
137 48 0
87 54 0
120 8 0
52 72 0
24 81 0
125 11 0
26 69 0
51 57 0
34 55 0
107 40 0
97 33 0
87 45 0
107 126 0
60 63 0
117 89 0
62 90 0
9 130 0
82 8 0
71 60 0
94 14 0
37 27 0
116 109 0
73 67 0
118 100 0
127 91 0
22 112 0
107 2 0
80 128 0
34 57 0
17 11 0
13 48 0
125 135 0
38 53 0
82 42 0
126 123 0
22 57 0
61 105 0
57 116 0
73 3 0
39 110 0
66 4 0
123 90 0
12 32 0
91 50 0
93 101 0
130 84 0
134 122 0
111 101 0
91 96 0
127 79 0
109 3 0
4 13 0
106 92 0
104 103 0
46 102 0
32 99 0
61 92 0
72 89 0
8 10 0
127 16 0
29 93 0
47 98 0
64 123 0
110 122 0
105 114 0
38 5 0
100 28 0
66 90 0
106 44 0
63 29 0
59 52 0
48 129 0
107 132 0
118 78 0
113 97 0
92 135 0
120 45 0
40 128 0
29 73 0
79 82 0
116 105 0
48 21 0
98 5 0
21 15 0
76 18 0
114 35 0
65 23 0
121 105 0
23 1 0
9 28 0
80 49 0
119 10 0
56 135 0
48 67 0
109 122 0
9 87 0
109 117 0
22 84 0
43 67 0
68 80 0
37 125 0
108 65 0
5 25 0
6 114 0
86 18 0
3 106 0
56 17 0
3 136 0
101 26 0
107 102 0
38 61 0
21 28 0
59 63 0
128 4 0
58 17 0
39 2 0
102 68 0
137 94 0
62 17 0
63 37 0
71 130 0
107 72 0
34 136 0
16 124 0
32 74 0
44 10 0
5 76 0
82 108 0
53 133 0
22 96 0
47 137 0
30 82 0
120 34 0
88 110 0
47 95 0
5 108 0
3 10 0
41 52 0
37 115 0
107 129 0
60 50 0
122 126 0
62 70 0
46 128 0
107 58 0
56 96 0
97 80 0
45 110 0
131 80 0
91 66 0
103 110 0
132 110 0
59 51 0
123 115 0
98 27 0
33 40 0
99 21 0
73 119 0
132 57 0
6 116 0
7 99 0
120 112 0
117 75 0
77 91 0
97 51 0
89 79 0
83 6 0
6 135 0
109 137 0
122 43 0
5 68 0
55 126 0
18 59 0
27 100 0
126 129 0
4 75 0
37 62 0
74 133 0
26 86 0
95 119 0
18 60 0
88 42 0
137 20 0
12 118 0
63 31 0
41 54 0
86 56 0
118 105 0
106 31 0
115 59 0
127 23 0
103 51 0
69 101 0
103 43 0
78 135 0
22 125 0
12 26 0
119 51 0
124 42 0
40 118 0
101 97 0
66 122 0
88 26 0
124 37 0
112 3 0
38 85 0
116 67 0
118 72 0
43 75 0
28 18 0
86 53 0
51 83 0
50 89 0
132 5 0
65 133 0
37 33 0
100 99 0
94 65 0
19 34 0
35 74 0
81 100 0
51 80 0
9 111 0
66 79 0
70 29 0
26 63 0
100 39 0
36 133 0
60 65 0
65 64 0
30 70 0
123 61 0
18 127 0
40 39 0
117 8 0
80 87 0
108 137 0
37 137 0
74 69 0
14 99 0
56 127 0
61 73 0
96 18 0
89 107 0
24 49 0
75 63 0
94 74 0
40 117 0
67 91 0
13 16 0
45 59 0
69 95 0
3 115 0
73 117 0
97 52 0
107 112 0
26 88 0
46 65 0
114 2 0
57 107 0
37 18 0
81 2 0
129 111 0
118 80 0
110 115 0
37 136 0
78 13 0
87 29 0
92 42 0
91 127 0
133 53 0
44 49 0
104 87 0
94 11 0
87 115 0
17 53 0
12 79 0
134 60 0
59 55 0
24 111 0
65 6 0
83 30 0
25 2 0
71 17 0
84 91 0
132 108 0
8 5 0
116 50 0
111 28 0
107 51 0
64 102 0
2 61 0
62 15 0
69 30 0
15 35 0
60 91 0
22 61 0
31 68 0
101 83 0
114 72 0
67 85 0
26 64 0
21 19 0
34 81 0
57 17 0
118 54 0
100 37 0
2 46 0
20 64 0
34 100 0
119 105 0
48 20 0
6 73 0
127 33 0
121 84 0
75 22 0
52 125 0
92 115 0
15 68 0
2 70 0
97 61 0
16 32 0
32 130 0
78 66 0
9 20 0
44 135 0
101 110 0
11 101 0
87 12 0
89 3 0
22 40 0
36 29 0
23 108 0
44 64 0
37 93 0
80 93 0
6 8 0
12 94 0
43 87 0
37 47 0
98 24 0
68 1 0
58 48 0
51 19 0
57 108 0
128 33 0
112 99 0
76 58 0
117 3 0
63 10 0
46 8 0
100 48 0
117 111 0
70 54 0
28 25 0
51 39 0
30 84 0
9 12 0
124 21 0
111 87 0
115 97 0
22 98 0
104 83 0
125 114 0
48 26 0
107 84 0
28 8 0
44 2 0
19 51 0
71 27 0
59 98 0
120 68 0
42 83 0
67 75 0
135 84 0
97 32 0
67 59 0
5 117 0
37 21 0
40 46 0
4 135 0
122 116 0
8 108 0
23 47 0
22 123 0
77 55 0
32 88 0
10 38 0
131 86 0
101 20 0
13 71 0
78 57 0
15 85 0
58 44 0
10 80 0
118 107 0
57 130 0
130 25 0
100 108 0
84 19 0
67 60 0
97 15 0
76 63 0
86 27 0
40 14 0
120 131 0
34 76 0
92 8 0
84 48 0
74 135 0
105 104 0
70 113 0
130 122 0
103 129 0
17 30 0
5 97 0
113 132 0
23 42 0
122 99 0
36 35 0
123 106 0
35 17 0
51 49 0
73 52 0
22 64 0
1 47 0
2 20 0
93 111 0
56 7 0
29 118 0
40 47 0
94 107 0
91 28 0
22 49 0
82 91 0
1 99 0
24 114 0
38 111 0
51 37 0
89 47 0
58 102 0
135 113 0
9 36 0
129 70 0
37 66 0
38 114 0
47 77 0
3 133 0
95 98 0
94 81 0
22 119 0
113 47 0
3 73 0
124 6 0
46 54 0
39 37 0
64 48 0
75 78 0
124 63 0
44 99 0
53 120 0
104 1 0
9 26 0
122 28 0
66 14 0
92 11 0
113 72 0
104 102 0
60 25 0
58 40 0
18 26 0
21 105 0
15 4 0
72 107 0
15 28 0
73 91 0
63 76 0
8 132 0
67 86 0
78 19 0
47 87 0
115 64 0
127 81 0
124 25 0
19 86 0
56 19 0
104 14 0
102 70 0
66 98 0
35 25 0
110 26 0
51 7 0
37 48 0
50 77 0
39 121 0
107 62 0
134 6 0
27 115 0
7 19 0
127 7 0
31 39 0
37 116 0
25 4 0
106 130 0
30 118 0
39 80 0
78 6 0
83 63 0
85 44 0
24 1 0
32 55 0
2 54 0
5 99 0
90 112 0
95 29 0
122 111 0
65 69 0
19 31 0
134 7 0
136 115 0
67 130 0
95 113 0
5 43 0
111 96 0
49 85 0
13 111 0
127 47 0
26 11 0
40 68 0
73 35 0
123 48 0
106 53 0
59 119 0
13 135 0
101 75 0
93 104 0
12 121 0
59 62 0
77 49 0
65 114 0
76 110 0
60 109 0
84 116 0
42 9 0
98 41 0
57 47 0
19 78 0
90 65 0
56 87 0
84 83 0
126 102 0
63 107 0
72 54 0
109 50 0
98 100 0
125 64 0
20 28 0
53 34 0
80 88 0
130 120 0
62 61 0
128 100 0
65 105 0
55 34 0
103 15 0
132 8 0
98 30 0
43 122 0
88 132 0
113 66 0
105 42 0
38 94 0
41 30 0
97 1 0
37 6 0
37 32 0
113 92 0
10 132 0
77 41 0
119 89 0
34 24 0
60 84 0
68 102 0
9 82 0
19 53 0
9 33 0
2 49 0
46 24 0
42 45 0
17 6 0
49 134 0
71 136 0
58 24 0
119 115 0
13 44 0
123 97 0
100 121 0
128 50 0
87 136 0
37 92 0
37 124 0
131 31 0
34 61 0
58 28 0
130 26 0
125 12 0
17 87 0
49 100 0
22 124 0
80 125 0
82 97 0
58 134 0
11 41 0
58 60 0
90 114 0
23 95 0
10 125 0
7 64 0
112 115 0
121 131 0
48 23 0
29 113 0
125 75 0
18 25 0
26 6 0
108 9 0
47 111 0
28 84 0
83 100 0
27 125 0
15 49 0
38 84 0
40 3 0
106 129 0
25 37 0
44 42 0
58 133 0
114 69 0
114 3 0
72 20 0
126 8 0
113 35 0
132 100 0
122 80 0
128 137 0
46 71 0
132 37 0
121 55 0
51 119 0
6 9 0
105 75 0
93 64 0
103 8 0
75 125 0
35 34 0
120 103 0
33 137 0
136 101 0
9 112 0
14 91 0
122 6 0
36 137 0
89 11 0
24 51 0
99 44 0
68 33 0
4 10 0
41 60 0
38 67 0
94 8 0
11 32 0
6 90 0
75 110 0
96 6 0
91 13 0
77 6 0
116 131 0
110 120 0
17 25 0
84 80 0
128 3 0
45 47 0
52 76 0
48 52 0
73 76 0
81 20 0
137 25 0
81 15 0
82 36 0
103 105 0
122 84 0
96 48 0
66 39 0
113 82 0
79 28 0
99 58 0
45 91 0
1 38 0
59 75 0
118 51 0
45 62 0
107 70 0
122 124 0
108 68 0
1 110 0
98 132 0
116 36 0
45 26 0
88 131 0
71 110 0
68 118 0
110 43 0
86 20 0
61 104 0
63 136 0
98 3 0
82 24 0
135 38 0
94 55 0
125 72 0
101 76 0
70 20 0
101 88 0
4 134 0
126 125 0
58 54 0
29 14 0
28 129 0
43 86 0
40 95 0
81 124 0
74 104 0
59 113 0
8 96 0
58 41 0
104 45 0
16 120 0
38 74 0
68 101 0
63 45 0
60 116 0
120 84 0
19 55 0
131 59 0
135 44 0
90 61 0
113 101 0
129 81 0
131 87 0
66 112 0
9 64 0
52 84 0
64 31 0
36 63 0
50 38 0
49 124 0
77 100 0
136 81 0
132 35 0
14 117 0
37 133 0
60 104 0
16 79 0
94 100 0
137 64 0
125 134 0
70 131 0
94 53 0
18 31 0
12 95 0
3 42 0
105 24 0
80 37 0
121 91 0
44 47 0
32 132 0
114 132 0
10 49 0
108 28 0
73 109 0
10 124 0
3 61 0
127 55 0
24 40 0
20 8 0
133 2 0
26 85 0
66 26 0
92 127 0
65 109 0
93 15 0
129 45 0
111 91 0
30 10 0
43 9 0
135 87 0
124 69 0
2 26 0
108 84 0
21 118 0
30 100 0
122 113 0
55 135 0
91 112 0
50 7 0
42 35 0
44 24 0
83 121 0
24 136 0
58 84 0
76 100 0
51 50 0
105 65 0
85 69 0
97 83 0
42 33 0
111 99 0
72 83 0
102 61 0
55 133 0
108 71 0
89 128 0
98 119 0
124 136 0
137 41 0
15 54 0
69 72 0
8 36 0
21 16 0
7 38 0
91 83 0
25 125 0
69 34 0
76 103 0
51 111 0
133 20 0
121 74 0
8 66 0
51 108 0
21 41 0
102 22 0
86 88 0
56 25 0
11 38 0
104 63 0
99 32 0
116 17 0
94 78 0
52 35 0
97 11 0
25 41 0
104 28 0
130 125 0
132 27 0
60 121 0
119 81 0
125 119 0
1 9 0
82 35 0
36 7 0
22 47 0
75 117 0
81 48 0
126 54 0
137 47 0
78 42 0
109 86 0
137 31 0
79 84 0
19 115 0
11 94 0
119 84 0
37 59 0
46 134 0
17 61 0
48 24 0
87 43 0
36 108 0
110 28 0
12 60 0
114 117 0
12 136 0
97 77 0
44 17 0
59 118 0
6 32 0
68 116 0
55 43 0
87 129 0
87 118 0
135 70 0
100 84 0
116 25 0
50 130 0
51 127 0
20 71 0
52 113 0
103 31 0
125 56 0
20 44 0
37 69 0
10 133 0
19 32 0
29 122 0
83 130 0
86 54 0
68 47 0
27 72 0
10 77 0
45 109 0
91 78 0
16 94 0
43 89 0
10 98 0
43 125 0
41 48 0
41 118 0
21 104 0
66 84 0
58 132 0
77 124 0
66 125 0
6 75 0
21 78 0
62 40 0
29 106 0
65 97 0
31 29 0
56 24 0
104 111 0
95 6 0
92 53 0
126 100 0
34 52 0
77 136 0
14 53 0
16 98 0
26 55 0
109 29 0
110 30 0
73 1 0
124 123 0
104 66 0
127 84 0
70 51 0
137 6 0
7 35 0
128 125 0
113 48 0
121 92 0
24 105 0
121 98 0
131 46 0
98 92 0
75 7 0
45 106 0
30 62 0
18 94 0
98 23 0
125 61 0
32 1 0
33 73 0
78 104 0
80 117 0
129 120 0
133 126 0
22 70 0
23 2 0
45 112 0
116 37 0
2 85 0
101 84 0
38 43 0
26 20 0
92 82 0
34 115 0
58 113 0
124 126 0
9 51 0
137 28 0
52 63 0
88 136 0
90 86 0
130 53 0
81 26 0
32 96 0
137 34 0
136 8 0
83 16 0
15 101 0
71 37 0
11 102 0
21 93 0
91 128 0
24 2 0
79 68 0
114 108 0
7 70 0
18 108 0
24 46 0
72 47 0
132 46 0
46 103 0
128 104 0
29 123 0
20 42 0
52 103 0
106 22 0
127 101 0
24 129 0
136 95 0
20 43 0
95 36 0
100 6 0
35 69 0
83 22 0
117 57 0
33 74 0
127 83 0
45 9 0
69 106 0
9 21 0
103 135 0
107 125 0
11 87 0
134 127 0
96 17 0
22 88 0
36 48 0
1 120 0
26 28 0
27 58 0
96 5 0
82 137 0
40 98 0
92 24 0
123 86 0
81 133 0
19 38 0
78 103 0
124 60 0
63 35 0
32 112 0
79 81 0
29 82 0
14 84 0
55 117 0
14 110 0
95 26 0
58 51 0
56 128 0
115 61 0
43 99 0
115 100 0
120 13 0
63 21 0
59 104 0
36 18 0
13 126 0
131 64 0
13 27 0
77 1 0
29 3 0
78 56 0
52 43 0
56 3 0
41 62 0
86 129 0
44 133 0
99 81 0
137 101 0
108 29 0
128 24 0
70 136 0
75 114 0
4 108 0
19 133 0
13 137 0
81 119 0
60 120 0
124 56 0
114 18 0
72 91 0
78 113 0
45 10 0
25 84 0
106 93 0
49 73 0
3 11 0
42 29 0
13 82 0
11 126 0
95 20 0
29 116 0
67 44 0
107 16 0
75 81 0
57 74 0
86 6 0
90 47 0
28 3 0
127 10 0
64 93 0
131 8 0
63 94 0
72 7 0
75 36 0
50 52 0
66 48 0
106 57 0
75 15 0
59 9 0
29 37 0
78 67 0
54 56 0
119 80 0
97 79 0
94 116 0
51 130 0
48 110 0
49 109 0
84 16 0
54 70 0
24 68 0
132 81 0
92 98 0
137 100 0
30 133 0
46 110 0
134 26 0
93 124 0
122 72 0
92 83 0
110 56 0
65 120 0
65 106 0
71 100 0
86 66 0
24 43 0
137 42 0
112 7 0
13 53 0
120 47 0
129 98 0
87 37 0
48 92 0
112 41 0
100 92 0
89 93 0
103 24 0
132 42 0
120 63 0
113 25 0
4 69 0
96 125 0
16 22 0
77 29 0
42 31 0
101 90 0
103 119 0
69 15 0
3 87 0
102 118 0
70 75 0
7 84 0
41 2 0
70 42 0
76 96 0
24 84 0
51 65 0
122 98 0
118 87 0
13 51 0
79 112 0
46 69 0
99 77 0
39 83 0
123 36 0
40 30 0
72 65 0
133 91 0
36 91 0
63 30 0
116 102 0
33 93 0
70 133 0
102 122 0
87 113 0
8 25 0
85 84 0
121 60 0
9 23 0
70 124 0
136 50 0
66 95 0
58 128 0
93 107 0
126 88 0
120 2 0
56 67 0
12 96 0
32 89 0
96 115 0
90 103 0
58 3 0
114 37 0
46 1 0
35 57 0
134 82 0
50 137 0
122 117 0
15 136 0
87 81 0
65 55 0
126 95 0
107 29 0
84 101 0
24 29 0
18 20 0
73 30 0
67 3 0
88 68 0
14 20 0
20 59 0
82 98 0
1 89 0
116 11 0
2 133 0
21 69 0
33 102 0
52 68 0
30 119 0
30 46 0
106 66 0
61 87 0
116 65 0
40 2 0
99 82 0
61 137 0
79 111 0
39 67 0
9 27 0
117 30 0
27 19 0
87 114 0
80 115 0
115 106 0
98 128 0
72 93 0
6 48 0
126 59 0
104 131 0
30 26 0
115 84 0
22 13 0
127 54 0
23 122 0
55 78 0
88 66 0
131 113 0
60 17 0
84 77 0
127 111 0
10 115 0
111 38 0
119 36 0
67 127 0
108 135 0
4 84 0
3 103 0
22 3 0
72 86 0
133 57 0
91 1 0
121 99 0
47 6 0
105 44 0
35 3 0
48 82 0
70 76 0
118 48 0
39 32 0
135 99 0
62 11 0
30 112 0
53 41 0
7 37 0
121 40 0
16 19 0
99 23 0
100 91 0
115 65 0
90 121 0
123 88 0
75 132 0
7 31 0
81 123 0
43 117 0
57 62 0
72 69 0
24 20 0
113 50 0
63 128 0
7 122 0
20 38 0
5 121 0
52 57 0
12 42 0
16 87 0
39 11 0
93 137 0
40 34 0
121 10 0
100 103 0
56 74 0
53 43 0
93 86 0
50 132 0
117 127 0
32 119 0
100 83 0
72 78 0
133 116 0
7 79 0
10 8 0
126 15 0
103 123 0
27 101 0
94 7 0
73 18 0
25 131 0
69 126 0
136 132 0
65 90 0
117 47 0
70 98 0
94 82 0
47 8 0
113 135 0
126 122 0
44 110 0
28 64 0
63 118 0
126 53 0
74 90 0
97 20 0
99 28 0
56 43 0
79 45 0
58 4 0
131 136 0
24 6 0
4 40 0
98 15 0
3 71 0
79 41 0
20 10 0
49 123 0
29 36 0
80 99 0
132 83 0
41 24 0
66 21 0
131 74 0
136 41 0
131 34 0
125 67 0
100 68 0
72 67 0
37 89 0
12 35 0
115 14 0
67 20 0
43 90 0
60 45 0
137 88 0
131 57 0
125 109 0
75 130 0
39 92 0
118 81 0
49 104 0
22 122 0
85 41 0
71 112 0
27 35 0
91 85 0
135 36 0
16 78 0
57 87 0
19 47 0
72 104 0
30 66 0
95 137 0
122 50 0
23 123 0
116 43 0
107 15 0
25 20 0
122 71 0
94 127 0
88 111 0
25 73 0
103 65 0
18 75 0
60 57 0
102 75 0
29 13 0
103 71 0
113 67 0
32 131 0
46 44 0
134 55 0
38 25 0
98 118 0
104 32 0
57 52 0
24 120 0
63 12 0
119 55 0
45 122 0
123 136 0
5 131 0
68 111 0
66 129 0
70 17 0
86 63 0
72 26 0
24 53 0
73 130 0
33 16 0
43 123 0
19 58 0
75 128 0
7 77 0
91 130 0
21 135 0
130 86 0
83 118 0
15 61 0
27 76 0
92 120 0
1 103 0
48 128 0
14 19 0
87 117 0
106 134 0
80 98 0
77 108 0
121 9 0
82 106 0
28 94 0
134 137 0
78 91 0
95 77 0
35 62 0
28 39 0
89 29 0
64 114 0
101 87 0
8 87 0
101 61 0
62 91 0
132 129 0
100 53 0
54 136 0
24 54 0
101 32 0
36 64 0
113 5 0
104 114 0
102 105 0
131 12 0
49 121 0
76 35 0
39 22 0
12 124 0
1 134 0
15 112 0
122 119 0
48 93 0
88 97 0
42 52 0
53 1 0
105 8 0
100 65 0
81 37 0
106 42 0
45 128 0
26 101 0
32 4 0
112 117 0
34 18 0
120 110 0
2 24 0
106 72 0
24 107 0
107 59 0
45 107 0
89 84 0
14 109 0
111 8 0
32 81 0
80 18 0
9 72 0
33 60 0
119 34 0
62 12 0
115 96 0
64 131 0
103 44 0
49 66 0
120 25 0
4 81 0
102 56 0
119 127 0
123 126 0
121 21 0
123 83 0
37 36 0
123 17 0
37 76 0
39 106 0
8 93 0
32 107 0
46 43 0
130 132 0
21 84 0
10 39 0
15 103 0
113 126 0
73 75 0
8 49 0
118 89 0
84 22 0
123 121 0
135 117 0
68 128 0
4 121 0
131 130 0
85 10 0
127 21 0
95 130 0
41 61 0
59 105 0
56 83 0
122 87 0
90 131 0
77 132 0
1 42 0
83 10 0
136 67 0
104 125 0
19 96 0
29 35 0
34 119 0
72 59 0
49 4 0
86 21 0
135 86 0
65 58 0
20 52 0
39 23 0
82 110 0
66 71 0
3 52 0
121 5 0
87 35 0
134 106 0
75 11 0
15 89 0
68 23 0
120 79 0
50 73 0
66 126 0
60 110 0
109 62 0
88 118 0
132 48 0
105 102 0
98 82 0
127 60 0
136 23 0
36 50 0
34 101 0
89 48 0
85 124 0
122 102 0
43 120 0
20 105 0
3 50 0
35 19 0
50 124 0
85 74 0
44 130 0
129 69 0
83 45 0
3 88 0
42 46 0
42 91 0
40 116 0
48 4 0
51 102 0
61 8 0
113 28 0
16 4 0
42 105 0
40 48 0
14 42 0
75 19 0
71 11 0
106 126 0
50 58 0
29 74 0
132 23 0
56 112 0
115 113 0
39 60 0
84 127 0
39 117 0
111 31 0
7 10 0
65 116 0
95 132 0
101 43 0
103 78 0
74 41 0
44 73 0
95 134 0
115 109 0
60 67 0
62 125 0
97 104 0
53 2 0
17 75 0
114 96 0
74 73 0
118 55 0
133 45 0
97 30 0
49 43 0
106 121 0
119 5 0
44 113 0
134 67 0
115 16 0
90 102 0
80 51 0
38 29 0
36 72 0
37 105 0
19 122 0
57 36 0
121 53 0
114 7 0
77 120 0
121 78 0
23 52 0
134 118 0
133 16 0
13 1 0
22 48 0
10 62 0
76 106 0
18 44 0
41 101 0
96 122 0
97 121 0
17 41 0
10 68 0
125 101 0
100 94 0
83 55 0
137 106 0
13 131 0
134 101 0
3 14 0
48 120 0
124 31 0
21 25 0
39 12 0
87 110 0
17 85 0
107 55 0
74 95 0
8 84 0
68 135 0
48 106 0
117 79 0
45 27 0
59 46 0
100 110 0
50 94 0
104 119 0
49 84 0
134 92 0
134 30 0
14 69 0
40 37 0
15 124 0
36 54 0
13 23 0
99 67 0
6 25 0
6 118 0
128 16 0
110 121 0
132 72 0
70 2 0
120 105 0
41 108 0
46 131 0
107 92 0
78 17 0
4 52 0
9 100 0
62 57 0
30 34 0
108 98 0
126 73 0
4 44 0
101 134 0
58 42 0
74 84 0
112 4 0
117 40 0
48 30 0
126 36 0
69 118 0
57 103 0
80 9 0
53 62 0
109 39 0
96 44 0
131 134 0
15 42 0
30 111 0
1 53 0
27 78 0
7 23 0
100 118 0
6 23 0
71 33 0
128 111 0
121 48 0
67 123 0
121 54 0
137 98 0
101 131 0
28 131 0
87 134 0
11 78 0
125 123 0
114 97 0
85 52 0
95 103 0
93 28 0
39 50 0
40 59 0
4 59 0
121 89 0
26 124 0
110 33 0
71 107 0
39 26 0
40 101 0
22 35 0
37 13 0
49 20 0
59 101 0
97 113 0
16 74 0
126 121 0
81 10 0
18 102 0
125 87 0
88 58 0
82 44 0
113 69 0
29 21 0
104 115 0
38 10 0
127 40 0
56 28 0
55 3 0
31 119 0
47 67 0
135 45 0
1 31 0
126 10 0
24 38 0
53 40 0
66 20 0
30 68 0
108 134 0
62 30 0
50 18 0
71 127 0
71 132 0
122 46 0
103 39 0
53 68 0
104 8 0
33 38 0
127 104 0
70 67 0
80 8 0
10 33 0
5 118 0
130 76 0
6 19 0
70 114 0
23 7 0
78 16 0
46 92 0
71 123 0
120 18 0
104 55 0
134 75 0
15 120 0
6 87 0
58 6 0
104 48 0
71 65 0
28 38 0
32 36 0
66 136 0
44 20 0
24 101 0
63 134 0
43 51 0
113 7 0
3 31 0
71 39 0
69 112 0
26 117 0
122 61 0
109 72 0
75 53 0
45 56 0
87 4 0
40 49 0
31 53 0
31 28 0
12 34 0
74 108 0
118 49 0
9 99 0
36 100 0
132 93 0
115 80 0
46 99 0
47 39 0
84 94 0
30 105 0
66 41 0
65 20 0
25 118 0
13 50 0
119 52 0
106 103 0
72 2 0
57 136 0
52 129 0
15 75 0
125 35 0
61 49 0
68 62 0
103 52 0
75 18 0
79 59 0
82 84 0
121 26 0
36 89 0
87 76 0
81 31 0
83 128 0
130 117 0
108 82 0
48 131 0
48 54 0
119 56 0
116 135 0
117 67 0
3 93 0
2 30 0
88 39 0
57 60 0
61 71 0
56 31 0
31 108 0
73 29 0
96 45 0
3 49 0
71 86 0
67 4 0
116 28 0
124 117 0
35 97 0
104 6 0
4 85 0
55 66 0
4 71 0
132 91 0
86 72 0
39 81 0
98 2 0
90 79 0
110 101 0
86 43 0
3 60 0
74 14 0
77 10 0
74 89 0
74 115 0
90 136 0
59 57 0
2 78 0
41 36 0
132 28 0
92 34 0
129 105 0
42 121 0
87 121 0
85 123 0
109 49 0
132 128 0
60 19 0
11 29 0
101 41 0
112 98 0
130 123 0
103 25 0
67 51 0
129 51 0
71 81 0
12 31 0
64 42 0
53 20 0
129 25 0
62 93 0
107 9 0
10 29 0
93 19 0
82 105 0
106 61 0
128 27 0
32 114 0
126 21 0
80 54 0
67 57 0
19 102 0
24 3 0
113 77 0
104 135 0
57 30 0
123 24 0
137 133 0
6 15 0
38 64 0
94 36 0
46 75 0
110 48 0
131 101 0
47 132 0
19 132 0
128 55 0
34 75 0
113 13 0
20 88 0
116 71 0
114 13 0
137 114 0
38 34 0
106 96 0
63 42 0
130 4 0
16 122 0
36 69 0
68 127 0
116 86 0
41 57 0
83 44 0
109 82 0
59 130 0
73 38 0
96 51 0
32 48 0
19 39 0
16 134 0
57 118 0
105 7 0
121 3 0
36 60 0
65 26 0
63 92 0
124 11 0
95 69 0
68 119 0
129 92 0
1 107 0
78 50 0
131 97 0
82 120 0
41 40 0
88 49 0
4 32 0
98 84 0
71 23 0
109 2 0
95 50 0
32 97 0
8 92 0
33 64 0
24 77 0
65 63 0
132 116 0
38 115 0
117 128 0
30 6 0
92 124 0
59 136 0
120 36 0
23 78 0
32 67 0
69 2 0
111 135 0
130 92 0
120 92 0
104 44 0
56 78 0
13 77 0
61 15 0
46 25 0
40 57 0
92 117 0
96 99 0
124 109 0
80 39 0
96 95 0
16 9 0
24 23 0
46 73 0
110 77 0
54 89 0
42 12 0
79 42 0
62 102 0
17 72 0
37 85 0
14 18 0
105 66 0
1 125 0
105 117 0
96 68 0
123 47 0
37 91 0
19 127 0
90 119 0
103 4 0
83 46 0
137 131 0
120 6 0
2 8 0
108 23 0
63 2 0
136 31 0
60 43 0
99 135 0
6 93 0
50 114 0
9 101 0
35 1 0
104 106 0
96 55 0
126 96 0
107 136 0
16 123 0
28 95 0
69 132 0
27 118 0
114 137 0
53 75 0
33 56 0
85 32 0
2 5 0
90 70 0
24 126 0
23 26 0
31 78 0
44 61 0
56 59 0
93 33 0
60 56 0
1 66 0
109 37 0
68 6 0
66 22 0
4 56 0
7 102 0
131 4 0
102 64 0
27 104 0
132 90 0
19 72 0
49 23 0
120 129 0
80 31 0
41 100 0
4 55 0
37 10 0
122 10 0
3 75 0
118 69 0
47 14 0
1 95 0
27 69 0
6 126 0
24 59 0
3 83 0
126 49 0
116 79 0
44 29 0
78 4 0
77 69 0
101 70 0
93 122 0
120 127 0
109 27 0
118 114 0
45 66 0
24 115 0
76 32 0
120 89 0
18 73 0
109 35 0
97 68 0
92 106 0
82 7 0
93 76 0
120 66 0
46 21 0
128 21 0
31 109 0
76 47 0
137 71 0
86 134 0
36 97 0
25 81 0
28 22 0
113 15 0
45 39 0
24 116 0
117 96 0
9 4 0
63 111 0
96 83 0
42 95 0
85 95 0
5 28 0
25 7 0
3 121 0
103 132 0
102 113 0
36 49 0
69 37 0
129 18 0
111 102 0
35 130 0
50 17 0
99 137 0
114 77 0
103 22 0
61 131 0
76 2 0
125 16 0
68 88 0
59 61 0
17 1 0
64 61 0
37 112 0
58 135 0
117 137 0
136 52 0
118 94 0
17 110 0
23 111 0
119 100 0
53 5 0
36 58 0
44 32 0
105 36 0
105 58 0
38 56 0
72 9 0
125 42 0
106 11 0
136 57 0
103 95 0
30 49 0
25 22 0
128 39 0
113 106 0
27 26 0
131 7 0
110 57 0
61 86 0
92 38 0
94 22 0
27 57 0
37 15 0
111 46 0
112 116 0
14 61 0
116 76 0
22 52 0
5 4 0
104 73 0
107 18 0
134 53 0
16 68 0
74 59 0
71 22 0
4 113 0
97 63 0
28 92 0
98 65 0
59 17 0
23 32 0
109 90 0
130 81 0
13 75 0
5 133 0
32 40 0
1 90 0
62 86 0
54 96 0
24 127 0
98 74 0
44 15 0
51 107 0
74 4 0
4 114 0
12 18 0
125 59 0
58 106 0
92 12 0
52 98 0
135 59 0
117 63 0
98 108 0
68 71 0
77 40 0
33 14 0
81 111 0
10 95 0
1 51 0
3 112 0
16 57 0
10 50 0
70 7 0
129 135 0
3 24 0
28 105 0
122 135 0
23 29 0
90 31 0
103 3 0
55 136 0
47 97 0
38 63 0
102 42 0
39 99 0
35 78 0
4 22 0
114 128 0
99 62 0
86 11 0
54 19 0
89 97 0
77 85 0
46 55 0
88 98 0
82 63 0
84 132 0
95 47 0
37 109 0
72 42 0
60 30 0
108 133 0
8 58 0
3 13 0
54 72 0
109 17 0
30 33 0
9 35 0
126 109 0
103 38 0
136 71 0
35 53 0
132 89 0
12 77 0
89 33 0
90 60 0
127 30 0
33 91 0
74 37 0
128 118 0
28 90 0
27 1 0
130 61 0
14 133 0
133 83 0
56 106 0
9 110 0
65 60 0
137 93 0
130 32 0
123 22 0
131 67 0
75 37 0
118 36 0
78 25 0
60 53 0
45 12 0
39 133 0
27 9 0
38 133 0
73 114 0
33 12 0
12 5 0
2 119 0
68 5 0
12 115 0
50 121 0
61 111 0
56 65 0
96 137 0
5 66 0
26 39 0
112 15 0
102 73 0
65 96 0
53 37 0
102 125 0
102 40 0
134 19 0
18 3 0
106 108 0
86 55 0
122 12 0
8 136 0
52 83 0
68 106 0
107 28 0
48 32 0
52 6 0
58 20 0
99 39 0
87 123 0
81 11 0
76 78 0
79 43 0
28 83 0
125 128 0
125 118 0
83 38 0
82 127 0
134 74 0
125 55 0
30 52 0
23 97 0
92 129 0
71 2 0
126 75 0
73 93 0
64 106 0
31 64 0
9 114 0
4 129 0
116 8 0
2 106 0
70 104 0
95 83 0
118 63 0
11 62 0
49 58 0
99 30 0
91 123 0
90 38 0
32 85 0
128 91 0
94 62 0
109 54 0
69 45 0
14 135 0
41 127 0
38 107 0
22 136 0
33 24 0
83 17 0
122 23 0
18 124 0
34 66 0
