1 1 1
2 2 1
3 3 1
4 4 1
5 5 1
6 6 1
7 7 1
8 8 1
9 9 1
10 10 1
11 11 1
12 12 1
13 13 1
14 14 1
15 15 1
16 16 1
17 17 1
18 18 1
19 19 1
20 20 1
21 21 1
22 22 1
23 23 1
24 24 1
25 25 1
26 26 1
27 27 1
28 28 1
29 29 1
30 30 1
31 31 1
32 32 1
33 33 1
34 34 1
35 35 1
36 36 1
37 37 1
38 38 1
39 39 1
40 40 1
41 41 1
42 42 1
43 43 1
44 44 1
45 45 1
46 46 1
47 47 1
48 48 1
49 49 1
50 50 1
51 51 1
52 52 1
53 53 1
54 54 1
55 55 1
56 56 1
57 57 1
58 58 1
59 59 1
60 60 1
61 61 1
62 62 1
63 63 1
64 64 1
65 65 1
66 66 1
67 67 1
68 68 1
69 69 1
70 70 1
71 71 1
72 72 1
73 73 1
74 74 1
75 75 1
76 76 1
77 77 1
78 78 1
79 79 1
80 80 1
81 81 1
82 82 1
83 83 1
84 84 1
85 85 1
86 86 1
87 87 1
88 88 1
89 89 1
90 90 1
91 91 1
92 92 1
93 93 1
94 94 1
95 95 1
96 96 1
97 97 1
98 98 1
99 99 1
100 100 1
101 101 1
102 102 1
103 103 1
104 104 1
105 105 1
106 106 1
107 107 1
108 108 1
109 109 1
110 110 1
111 111 1
112 112 1
113 113 1
114 114 1
115 115 1
116 116 1
117 117 1
118 118 1
119 119 1
120 120 1
121 121 1
122 122 1
123 123 1
124 124 1
125 125 1
126 126 1
127 127 1
128 128 1
129 129 1
130 130 1
131 131 1
132 132 1
133 133 1
134 134 1
135 135 1
136 136 1
137 137 1
138 138 1
139 139 1
140 140 1
141 141 1
142 142 1
143 143 1
144 144 1
145 145 1
146 146 1
147 147 1
148 148 1
149 149 1
150 150 1
151 151 1
152 152 1
153 153 1
154 154 1
155 155 1
156 156 1
157 157 1
158 158 1
159 159 1
160 160 1
161 161 1
162 162 1
163 163 1
164 164 1
165 165 1
166 166 1
167 167 1
168 168 1
169 169 1
170 170 1
171 171 1
172 172 1
173 173 1
174 174 1
175 175 1
176 176 1
177 177 1
178 178 1
179 179 1
180 180 1
181 181 1
182 182 1
183 183 1
184 184 1
185 185 1
186 186 1
187 187 1
188 188 1
189 189 1
190 190 1
191 191 1
192 192 1
193 193 1
194 194 1
195 195 1
196 196 1
197 197 1
198 198 1
199 199 1
200 200 1
201 201 1
202 202 1
203 203 1
204 204 1
205 205 1
206 206 1
207 207 1
208 208 1
209 209 1
210 210 1
211 211 1
212 212 1
213 213 1
214 214 1
215 215 1
216 216 1
217 217 1
218 218 1
219 219 1
220 220 1
221 221 1
222 222 1
223 223 1
224 224 1
225 225 1
226 226 1
227 227 1
228 228 1
229 229 1
230 230 1
231 231 1
232 232 1
233 233 1
234 234 1
235 235 1
236 236 1
236 47 0
202 156 0
118 16 0
191 133 0
218 114 0
191 88 0
203 40 0
8 99 0
73 99 0
105 125 0
40 205 0
164 234 0
111 75 0
19 108 0
148 56 0
214 151 0
103 183 0
74 224 0
198 29 0
124 179 0
146 78 0
34 112 0
121 46 0
215 193 0
148 83 0
86 187 0
56 13 0
185 166 0
91 207 0
37 6 0
26 14 0
157 128 0
201 234 0
119 162 0
30 6 0
109 180 0
87 142 0
55 208 0
191 37 0
168 103 0
124 21 0
53 179 0
33 5 0
112 124 0
211 148 0
129 1 0
165 53 0
132 129 0
55 15 0
59 84 0
24 171 0
27 111 0
80 86 0
86 35 0
126 21 0
137 17 0
42 193 0
199 78 0
198 74 0
205 172 0
225 102 0
176 154 0
154 72 0
50 212 0
90 112 0
64 117 0
46 94 0
231 126 0
183 80 0
164 73 0
105 64 0
93 146 0
24 56 0
223 221 0
129 192 0
161 118 0
61 104 0
39 218 0
179 92 0
194 32 0
204 21 0
153 17 0
114 147 0
142 65 0
227 73 0
137 99 0
140 229 0
8 164 0
52 234 0
148 181 0
193 76 0
66 17 0
180 108 0
235 122 0
199 192 0
158 166 0
216 74 0
187 97 0
220 92 0
161 214 0
165 65 0
76 68 0
62 87 0
235 113 0
85 151 0
61 45 0
226 130 0
62 173 0
1 64 0
63 200 0
23 220 0
133 2 0
61 83 0
102 48 0
179 31 0
26 111 0
99 105 0
182 164 0
196 181 0
41 48 0
95 105 0
92 88 0
235 157 0
25 3 0
220 87 0
202 6 0
74 103 0
11 134 0
185 117 0
181 131 0
147 210 0
5 13 0
83 191 0
177 42 0
135 221 0
93 233 0
89 184 0
84 91 0
105 112 0
94 92 0
198 63 0
98 39 0
165 112 0
172 114 0
228 121 0
12 142 0
98 17 0
155 180 0
207 99 0
225 109 0
83 81 0
105 171 0
33 192 0
30 141 0
68 123 0
232 33 0
185 97 0
76 114 0
209 15 0
231 204 0
135 6 0
114 1 0
26 36 0
184 236 0
134 173 0
108 216 0
21 216 0
154 57 0
176 183 0
197 11 0
73 197 0
47 22 0
57 122 0
139 33 0
137 133 0
1 39 0
142 114 0
39 172 0
149 223 0
171 50 0
163 47 0
29 187 0
30 186 0
8 205 0
133 208 0
215 209 0
168 30 0
230 225 0
151 136 0
21 51 0
36 25 0
90 178 0
142 132 0
113 58 0
122 51 0
107 48 0
97 139 0
3 131 0
89 10 0
99 225 0
221 82 0
197 153 0
111 195 0
145 25 0
94 169 0
80 130 0
194 173 0
75 99 0
72 191 0
157 194 0
5 31 0
5 106 0
170 7 0
236 22 0
20 102 0
14 5 0
183 210 0
161 61 0
172 69 0
90 30 0
1 169 0
163 198 0
109 1 0
65 180 0
191 225 0
137 199 0
19 146 0
68 188 0
156 67 0
213 176 0
169 226 0
184 119 0
204 112 0
180 139 0
180 33 0
172 184 0
205 98 0
146 77 0
102 214 0
202 161 0
19 220 0
74 90 0
176 229 0
157 152 0
172 93 0
146 119 0
211 117 0
230 158 0
23 177 0
190 195 0
125 162 0
60 38 0
2 162 0
15 26 0
221 216 0
190 3 0
203 27 0
93 142 0
19 17 0
62 191 0
109 211 0
77 87 0
91 75 0
9 113 0
19 202 0
75 147 0
128 135 0
184 133 0
64 202 0
162 48 0
185 119 0
55 156 0
145 151 0
61 168 0
171 126 0
126 47 0
100 206 0
133 194 0
48 145 0
75 67 0
115 149 0
213 6 0
51 165 0
134 72 0
166 83 0
190 224 0
2 99 0
138 66 0
34 72 0
192 159 0
118 59 0
132 18 0
21 180 0
163 95 0
10 41 0
11 226 0
50 62 0
154 195 0
179 52 0
30 112 0
138 220 0
99 143 0
86 4 0
208 119 0
79 167 0
45 200 0
230 180 0
218 14 0
123 148 0
112 136 0
192 122 0
130 9 0
187 47 0
203 130 0
102 233 0
9 7 0
220 108 0
149 69 0
115 125 0
191 194 0
55 3 0
157 52 0
182 142 0
65 73 0
53 176 0
212 12 0
66 105 0
20 16 0
156 227 0
227 158 0
32 210 0
29 184 0
46 147 0
72 4 0
104 131 0
10 25 0
182 195 0
170 15 0
31 223 0
194 7 0
2 23 0
115 22 0
39 34 0
12 187 0
59 6 0
108 90 0
215 140 0
37 28 0
51 113 0
31 158 0
7 44 0
186 192 0
2 120 0
206 37 0
106 164 0
47 107 0
190 161 0
132 232 0
195 147 0
183 17 0
152 58 0
110 134 0
202 150 0
161 20 0
26 195 0
177 36 0
2 127 0
228 4 0
10 201 0
40 119 0
132 86 0
229 86 0
14 125 0
81 208 0
39 31 0
228 191 0
93 105 0
92 58 0
77 48 0
211 17 0
88 217 0
147 83 0
224 156 0
47 27 0
38 179 0
116 35 0
32 129 0
159 116 0
105 201 0
147 96 0
159 3 0
201 15 0
64 223 0
31 144 0
38 9 0
160 125 0
229 71 0
207 216 0
230 22 0
6 36 0
200 125 0
70 231 0
18 232 0
110 122 0
196 24 0
221 119 0
30 189 0
133 97 0
179 167 0
4 217 0
179 164 0
109 172 0
2 84 0
151 231 0
105 161 0
49 103 0
98 183 0
195 58 0
211 180 0
180 4 0
132 76 0
101 75 0
10 108 0
59 188 0
35 171 0
123 40 0
18 38 0
39 126 0
198 72 0
197 14 0
175 34 0
84 40 0
217 42 0
97 191 0
221 40 0
198 121 0
119 66 0
199 128 0
174 25 0
80 212 0
195 206 0
20 213 0
7 58 0
106 208 0
133 71 0
222 75 0
104 73 0
115 88 0
114 211 0
46 103 0
19 8 0
227 141 0
77 189 0
33 18 0
213 116 0
230 171 0
85 17 0
151 96 0
74 21 0
71 210 0
91 60 0
49 198 0
132 163 0
50 14 0
141 95 0
116 163 0
68 187 0
62 104 0
204 42 0
219 201 0
212 71 0
217 131 0
170 58 0
155 5 0
32 13 0
64 80 0
210 200 0
6 27 0
213 150 0
126 92 0
77 231 0
201 144 0
185 30 0
11 153 0
71 233 0
71 102 0
180 5 0
159 98 0
13 194 0
110 80 0
37 88 0
43 46 0
114 19 0
196 3 0
114 40 0
2 82 0
183 186 0
111 197 0
106 181 0
197 227 0
231 35 0
96 174 0
39 18 0
40 55 0
216 153 0
135 16 0
4 177 0
66 122 0
200 29 0
124 77 0
68 125 0
163 14 0
79 37 0
214 184 0
218 174 0
174 216 0
212 37 0
153 15 0
59 196 0
73 38 0
113 207 0
57 120 0
152 122 0
5 115 0
150 133 0
195 217 0
25 121 0
234 103 0
162 211 0
51 147 0
152 228 0
126 128 0
29 46 0
146 87 0
6 222 0
128 122 0
193 184 0
5 112 0
70 14 0
226 223 0
146 188 0
204 170 0
77 205 0
41 2 0
184 91 0
152 103 0
86 41 0
234 118 0
86 147 0
208 91 0
133 99 0
216 89 0
51 221 0
200 120 0
2 193 0
110 147 0
148 81 0
84 224 0
50 124 0
229 233 0
218 144 0
103 72 0
188 101 0
189 38 0
11 165 0
132 143 0
31 112 0
235 81 0
100 198 0
204 101 0
158 78 0
15 70 0
158 102 0
61 211 0
226 58 0
205 78 0
46 157 0
178 3 0
198 192 0
167 93 0
99 201 0
208 97 0
46 71 0
63 17 0
175 220 0
98 193 0
53 20 0
175 209 0
26 143 0
50 72 0
63 231 0
74 24 0
186 8 0
121 52 0
208 92 0
149 21 0
167 215 0
38 109 0
198 139 0
66 19 0
158 128 0
136 160 0
179 78 0
132 208 0
220 185 0
43 51 0
183 120 0
78 132 0
127 202 0
188 103 0
123 228 0
82 164 0
100 43 0
67 169 0
65 228 0
64 204 0
151 6 0
45 50 0
214 33 0
234 24 0
83 180 0
144 164 0
80 38 0
134 35 0
140 195 0
138 31 0
186 219 0
194 53 0
29 28 0
226 94 0
24 53 0
61 174 0
63 106 0
228 44 0
142 229 0
67 228 0
177 214 0
155 20 0
16 52 0
58 155 0
10 195 0
185 199 0
177 147 0
20 209 0
174 9 0
66 197 0
61 131 0
139 127 0
4 130 0
170 145 0
126 1 0
136 66 0
218 58 0
89 233 0
114 146 0
152 123 0
90 48 0
14 109 0
21 192 0
117 90 0
156 181 0
220 62 0
72 227 0
195 9 0
135 85 0
150 231 0
96 3 0
227 209 0
148 146 0
99 20 0
14 192 0
67 31 0
64 91 0
226 184 0
181 146 0
129 168 0
207 204 0
159 166 0
212 61 0
14 225 0
103 163 0
219 198 0
169 209 0
174 81 0
100 136 0
232 170 0
170 59 0
29 160 0
7 209 0
69 139 0
144 43 0
106 70 0
208 85 0
135 225 0
73 1 0
202 88 0
32 139 0
168 154 0
178 35 0
57 173 0
209 226 0
232 1 0
153 6 0
213 225 0
144 120 0
32 17 0
101 92 0
236 178 0
96 155 0
232 61 0
6 31 0
199 178 0
188 144 0
216 12 0
85 188 0
6 84 0
188 158 0
89 164 0
147 236 0
52 182 0
16 13 0
188 120 0
108 187 0
61 203 0
109 61 0
27 115 0
95 229 0
60 47 0
140 39 0
58 224 0
227 63 0
71 182 0
225 163 0
110 135 0
162 165 0
80 181 0
177 35 0
65 48 0
226 125 0
14 98 0
189 44 0
216 48 0
40 39 0
94 183 0
82 155 0
171 72 0
222 9 0
17 210 0
172 130 0
112 97 0
46 234 0
229 110 0
49 222 0
2 66 0
88 195 0
109 67 0
6 152 0
110 103 0
99 191 0
21 37 0
26 10 0
49 46 0
219 220 0
180 98 0
85 1 0
56 130 0
3 53 0
7 55 0
38 12 0
121 125 0
206 229 0
196 211 0
81 15 0
27 106 0
55 56 0
115 103 0
101 102 0
87 44 0
199 175 0
49 19 0
72 55 0
71 78 0
109 112 0
93 229 0
1 63 0
226 200 0
41 142 0
36 122 0
156 62 0
227 210 0
117 109 0
80 221 0
210 170 0
29 173 0
108 81 0
191 179 0
139 25 0
24 11 0
136 121 0
8 140 0
187 1 0
107 227 0
116 61 0
203 110 0
38 83 0
219 121 0
68 192 0
55 100 0
128 162 0
184 86 0
109 86 0
114 136 0
100 18 0
24 107 0
157 210 0
107 32 0
205 16 0
173 84 0
80 144 0
198 117 0
2 65 0
139 60 0
164 35 0
225 115 0
120 97 0
204 234 0
1 68 0
15 24 0
178 175 0
2 53 0
210 206 0
68 147 0
57 148 0
58 18 0
32 51 0
201 37 0
116 104 0
96 47 0
142 85 0
166 29 0
185 133 0
26 189 0
200 44 0
213 142 0
223 214 0
198 200 0
114 7 0
180 171 0
25 212 0
222 225 0
16 105 0
96 112 0
151 1 0
200 80 0
30 148 0
217 59 0
101 180 0
107 81 0
89 97 0
60 12 0
83 174 0
18 26 0
112 46 0
5 97 0
39 21 0
205 134 0
136 124 0
139 99 0
207 172 0
14 187 0
202 223 0
204 27 0
41 32 0
42 127 0
209 64 0
156 84 0
109 161 0
185 147 0
185 153 0
49 84 0
40 187 0
186 11 0
122 203 0
197 119 0
85 95 0
227 50 0
86 198 0
81 126 0
229 122 0
20 201 0
189 175 0
49 62 0
103 1 0
212 51 0
153 24 0
138 193 0
214 91 0
58 167 0
222 142 0
30 216 0
195 115 0
177 39 0
8 174 0
165 27 0
142 117 0
201 190 0
182 68 0
194 162 0
122 111 0
185 24 0
71 163 0
114 41 0
29 175 0
211 18 0
80 4 0
233 43 0
122 178 0
81 129 0
115 13 0
159 20 0
134 124 0
214 83 0
195 171 0
8 84 0
49 193 0
111 119 0
123 229 0
159 151 0
167 134 0
173 15 0
141 169 0
57 27 0
114 141 0
155 232 0
154 78 0
16 55 0
205 233 0
137 167 0
171 149 0
14 220 0
109 129 0
102 231 0
121 29 0
149 51 0
162 89 0
65 66 0
22 121 0
92 139 0
135 183 0
96 154 0
5 64 0
150 145 0
234 88 0
57 15 0
71 165 0
143 177 0
163 27 0
205 80 0
78 130 0
168 146 0
199 193 0
31 59 0
96 60 0
73 234 0
10 168 0
151 14 0
235 64 0
158 236 0
151 219 0
14 226 0
151 157 0
166 82 0
183 134 0
165 28 0
31 100 0
174 229 0
57 208 0
31 127 0
157 40 0
62 71 0
57 64 0
138 214 0
63 56 0
200 77 0
45 115 0
1 214 0
196 183 0
111 124 0
211 145 0
223 152 0
138 47 0
123 196 0
206 153 0
87 126 0
196 152 0
196 16 0
220 101 0
233 46 0
157 197 0
126 201 0
79 126 0
77 57 0
165 55 0
202 151 0
206 107 0
202 92 0
66 175 0
12 156 0
65 207 0
72 28 0
226 59 0
129 222 0
104 49 0
186 234 0
17 28 0
127 195 0
69 203 0
20 233 0
21 221 0
152 226 0
95 121 0
85 164 0
59 96 0
84 123 0
66 159 0
155 59 0
217 47 0
49 88 0
99 234 0
89 115 0
78 102 0
186 97 0
85 18 0
200 179 0
138 53 0
106 200 0
148 193 0
87 218 0
115 9 0
40 99 0
55 88 0
191 153 0
90 43 0
31 123 0
22 108 0
224 208 0
208 86 0
182 56 0
107 149 0
2 12 0
201 112 0
212 117 0
68 66 0
98 187 0
74 141 0
53 128 0
229 7 0
48 86 0
50 82 0
208 75 0
50 165 0
49 231 0
221 155 0
148 222 0
171 112 0
97 146 0
232 169 0
211 93 0
123 48 0
234 175 0
179 230 0
182 226 0
83 235 0
71 54 0
73 28 0
16 123 0
193 64 0
121 181 0
223 32 0
166 161 0
148 31 0
70 143 0
203 48 0
4 89 0
95 5 0
31 41 0
2 212 0
30 84 0
210 104 0
137 51 0
136 156 0
177 92 0
224 61 0
36 214 0
97 205 0
138 8 0
3 207 0
154 209 0
18 161 0
165 92 0
156 166 0
71 189 0
17 49 0
60 157 0
103 195 0
77 43 0
54 64 0
103 93 0
41 199 0
62 178 0
210 68 0
152 132 0
41 173 0
56 105 0
52 225 0
200 211 0
158 35 0
163 175 0
87 222 0
99 189 0
185 175 0
231 2 0
6 101 0
95 50 0
68 160 0
231 41 0
231 146 0
176 35 0
82 236 0
144 137 0
228 107 0
111 149 0
145 41 0
91 231 0
27 190 0
187 215 0
132 181 0
216 138 0
50 78 0
191 117 0
5 186 0
161 236 0
99 101 0
38 185 0
100 181 0
85 91 0
56 200 0
7 200 0
4 98 0
199 34 0
55 153 0
12 190 0
102 232 0
91 151 0
73 50 0
31 78 0
235 191 0
81 101 0
55 118 0
49 158 0
67 138 0
16 122 0
101 23 0
89 108 0
124 55 0
208 157 0
135 73 0
152 230 0
223 225 0
43 17 0
70 45 0
211 150 0
145 30 0
35 194 0
191 101 0
226 203 0
233 79 0
74 120 0
137 219 0
69 108 0
140 203 0
184 55 0
196 170 0
47 6 0
190 120 0
37 195 0
172 22 0
126 162 0
224 126 0
8 65 0
13 144 0
48 81 0
16 191 0
52 203 0
13 11 0
137 64 0
21 94 0
183 70 0
26 220 0
32 227 0
55 191 0
147 230 0
216 40 0
159 203 0
36 182 0
78 83 0
27 97 0
41 78 0
63 53 0
92 199 0
120 112 0
61 67 0
186 90 0
54 221 0
81 112 0
180 231 0
105 159 0
34 32 0
126 203 0
197 165 0
149 38 0
11 179 0
134 55 0
20 197 0
111 115 0
163 231 0
231 227 0
61 180 0
81 118 0
168 165 0
229 111 0
159 101 0
34 196 0
167 97 0
91 83 0
138 105 0
25 40 0
163 48 0
236 37 0
31 160 0
161 95 0
107 5 0
212 39 0
169 208 0
149 95 0
73 186 0
54 208 0
116 220 0
70 206 0
82 94 0
13 8 0
145 16 0
45 75 0
181 75 0
2 109 0
170 109 0
113 149 0
147 49 0
121 63 0
147 197 0
17 201 0
168 132 0
188 4 0
106 22 0
213 191 0
119 225 0
199 32 0
4 7 0
110 188 0
85 111 0
61 18 0
219 177 0
171 133 0
230 55 0
196 140 0
15 212 0
108 186 0
111 64 0
193 220 0
89 169 0
175 211 0
157 137 0
6 164 0
147 119 0
116 231 0
13 216 0
113 117 0
5 76 0
21 23 0
51 132 0
212 165 0
195 169 0
149 47 0
101 91 0
22 26 0
227 31 0
193 137 0
150 72 0
131 147 0
19 147 0
126 143 0
97 2 0
23 105 0
81 47 0
127 131 0
179 107 0
39 216 0
188 139 0
70 213 0
168 64 0
7 125 0
200 156 0
200 98 0
70 219 0
13 196 0
125 113 0
201 147 0
222 46 0
194 116 0
180 140 0
222 7 0
40 24 0
222 231 0
167 59 0
207 98 0
122 214 0
222 89 0
137 190 0
187 207 0
172 203 0
170 60 0
83 134 0
179 171 0
184 127 0
74 169 0
137 118 0
193 123 0
112 127 0
181 83 0
224 71 0
64 214 0
159 204 0
167 113 0
178 102 0
79 111 0
13 142 0
233 195 0
77 180 0
85 150 0
117 222 0
35 73 0
112 147 0
199 60 0
233 190 0
130 64 0
167 53 0
35 101 0
165 213 0
206 12 0
91 134 0
177 103 0
44 173 0
62 120 0
117 146 0
37 1 0
135 72 0
77 10 0
222 43 0
70 222 0
232 203 0
19 87 0
31 188 0
63 5 0
199 154 0
142 139 0
75 85 0
68 195 0
235 105 0
195 133 0
180 35 0
147 169 0
77 220 0
154 77 0
186 210 0
7 205 0
60 41 0
156 127 0
45 118 0
48 187 0
24 71 0
135 98 0
156 207 0
61 158 0
79 19 0
54 22 0
58 204 0
190 138 0
187 111 0
214 137 0
84 220 0
109 147 0
29 32 0
37 73 0
149 84 0
27 176 0
159 162 0
37 78 0
132 101 0
3 210 0
124 60 0
235 181 0
28 192 0
82 214 0
70 60 0
118 157 0
47 226 0
21 104 0
152 173 0
191 178 0
112 113 0
103 153 0
194 2 0
17 196 0
215 144 0
24 217 0
88 51 0
176 174 0
28 9 0
1 150 0
165 47 0
139 236 0
126 160 0
107 41 0
96 61 0
222 212 0
178 93 0
128 139 0
94 148 0
103 77 0
56 126 0
57 147 0
176 1 0
84 207 0
9 88 0
120 178 0
139 23 0
177 28 0
186 47 0
72 49 0
111 57 0
28 56 0
149 159 0
195 11 0
71 61 0
87 130 0
186 147 0
44 129 0
151 132 0
99 160 0
219 223 0
105 121 0
13 49 0
152 198 0
95 227 0
14 209 0
48 42 0
200 223 0
210 38 0
51 64 0
171 236 0
128 129 0
110 230 0
56 92 0
220 160 0
217 232 0
208 136 0
197 70 0
127 215 0
43 174 0
20 75 0
137 223 0
65 115 0
25 115 0
114 160 0
173 9 0
57 50 0
6 112 0
146 226 0
40 126 0
225 15 0
25 190 0
168 131 0
92 187 0
209 233 0
173 37 0
115 201 0
151 60 0
160 28 0
224 100 0
40 44 0
150 49 0
159 63 0
42 198 0
213 216 0
220 65 0
135 151 0
195 230 0
105 167 0
226 41 0
203 108 0
10 121 0
168 169 0
148 159 0
36 191 0
202 189 0
3 128 0
15 45 0
90 206 0
79 70 0
190 66 0
134 88 0
216 96 0
81 84 0
30 75 0
128 232 0
182 137 0
116 117 0
73 31 0
39 113 0
225 8 0
69 231 0
136 84 0
43 229 0
57 121 0
62 10 0
186 199 0
97 169 0
58 182 0
20 87 0
24 152 0
86 209 0
56 205 0
90 133 0
3 132 0
9 231 0
144 77 0
225 47 0
164 32 0
43 221 0
156 104 0
70 95 0
40 66 0
217 63 0
217 70 0
39 36 0
38 128 0
172 44 0
28 180 0
38 175 0
25 30 0
225 192 0
61 31 0
176 221 0
134 174 0
94 203 0
97 75 0
204 81 0
141 188 0
150 179 0
75 163 0
234 102 0
107 39 0
44 135 0
68 32 0
62 34 0
117 199 0
207 210 0
169 2 0
112 33 0
76 84 0
113 216 0
35 26 0
158 26 0
220 236 0
189 221 0
105 63 0
23 148 0
197 94 0
183 54 0
226 8 0
87 110 0
210 57 0
83 142 0
62 199 0
174 141 0
46 54 0
124 84 0
83 46 0
110 66 0
49 66 0
54 154 0
128 76 0
65 92 0
174 12 0
145 167 0
23 236 0
41 233 0
56 123 0
142 122 0
89 80 0
26 134 0
137 150 0
218 220 0
199 95 0
53 11 0
160 107 0
164 55 0
186 233 0
146 123 0
8 58 0
54 34 0
57 94 0
30 117 0
220 172 0
2 73 0
19 27 0
210 155 0
180 195 0
57 195 0
157 216 0
65 84 0
34 14 0
137 91 0
5 194 0
125 61 0
55 158 0
177 38 0
93 182 0
114 115 0
213 88 0
38 156 0
50 179 0
66 107 0
137 222 0
90 201 0
69 128 0
219 153 0
74 123 0
11 78 0
80 135 0
143 134 0
61 87 0
175 157 0
33 53 0
36 9 0
144 73 0
168 197 0
19 233 0
67 160 0
218 161 0
128 55 0
52 110 0
211 125 0
232 221 0
207 79 0
124 113 0
212 184 0
203 155 0
104 235 0
211 143 0
11 122 0
219 183 0
179 153 0
161 165 0
77 56 0
223 128 0
166 201 0
16 161 0
189 226 0
8 76 0
102 223 0
27 69 0
141 135 0
71 115 0
236 28 0
32 86 0
29 214 0
146 82 0
12 136 0
209 181 0
100 228 0
110 57 0
218 117 0
136 87 0
159 12 0
65 234 0
126 105 0
83 130 0
132 118 0
219 164 0
99 220 0
124 13 0
69 140 0
152 41 0
88 20 0
36 197 0
76 21 0
81 211 0
108 184 0
141 34 0
195 205 0
31 88 0
78 117 0
221 213 0
234 203 0
145 101 0
190 32 0
117 22 0
175 32 0
66 31 0
51 102 0
227 126 0
122 72 0
101 233 0
23 9 0
31 221 0
214 61 0
76 55 0
178 61 0
31 175 0
47 221 0
211 163 0
10 153 0
195 76 0
183 13 0
181 178 0
139 70 0
17 7 0
67 39 0
15 101 0
27 232 0
161 102 0
50 106 0
166 81 0
53 197 0
23 99 0
181 233 0
30 194 0
154 228 0
33 100 0
4 213 0
41 146 0
47 57 0
152 117 0
99 171 0
217 125 0
166 145 0
231 216 0
15 160 0
64 71 0
120 90 0
173 68 0
91 202 0
26 8 0
193 62 0
111 201 0
43 152 0
110 93 0
212 30 0
209 79 0
200 193 0
203 129 0
101 201 0
112 119 0
125 179 0
189 12 0
37 126 0
84 127 0
95 109 0
138 56 0
20 216 0
167 129 0
72 147 0
158 48 0
225 125 0
4 195 0
22 109 0
160 133 0
227 48 0
80 184 0
63 116 0
10 175 0
22 147 0
230 196 0
158 13 0
179 93 0
146 15 0
3 71 0
66 227 0
200 74 0
185 221 0
182 108 0
121 176 0
127 222 0
83 203 0
135 92 0
146 157 0
6 139 0
116 164 0
156 58 0
20 69 0
76 22 0
