1 1 1
2 2 1
3 3 1
4 4 1
5 5 1
6 6 1
7 7 1
8 8 1
9 9 1
10 10 1
11 11 1
12 12 1
13 13 1
14 14 1
15 15 1
16 16 1
17 17 1
18 18 1
19 19 1
20 20 1
21 21 1
22 22 1
23 23 1
24 24 1
25 25 1
26 26 1
27 27 1
28 28 1
29 29 1
30 30 1
31 31 1
32 32 1
33 33 1
34 34 1
35 35 1
36 36 1
37 37 1
38 38 1
39 39 1
40 40 1
41 41 1
42 42 1
43 43 1
44 44 1
45 45 1
46 46 1
47 47 1
48 48 1
49 49 1
50 50 1
51 51 1
52 52 1
53 53 1
54 54 1
55 55 1
56 56 1
57 57 1
58 58 1
59 59 1
59 47 0
25 38 0
59 16 0
14 15 0
41 55 0
14 29 0
26 40 0
8 40 0
14 40 0
46 7 0
40 28 0
46 57 0
52 16 0
19 49 0
30 56 0
37 33 0
44 6 0
15 47 0
21 29 0
6 2 0
28 19 0
34 53 0
3 46 0
38 16 0
30 24 0
27 10 0
56 13 0
8 48 0
32 30 0
37 6 0
26 14 0
39 10 0
24 57 0
1 44 0
30 6 0
50 3 0
28 24 0
55 31 0
14 37 0
50 44 0
6 21 0
53 2 0
33 5 0
53 6 0
34 30 0
11 1 0
47 53 0
14 11 0
55 15 0
59 25 0
24 53 0
27 52 0
21 27 0
27 35 0
8 21 0
19 17 0
42 16 0
22 19 0
21 15 0
28 54 0
48 43 0
58 36 0
36 13 0
50 35 0
31 53 0
5 58 0
46 35 0
54 8 0
46 14 0
46 5 0
34 28 0
24 56 0
46 44 0
11 15 0
43 59 0
2 45 0
39 41 0
2 33 0
17 32 0
35 17 0
55 29 0
24 6 0
50 14 0
19 40 0
22 52 0
8 46 0
52 57 0
30 4 0
16 17 0
7 17 0
3 49 0
58 4 0
22 15 0
40 48 0
39 15 0
10 38 0
43 33 0
43 37 0
47 6 0
17 9 0
3 28 0
58 54 0
26 33 0
49 12 0
3 55 0
1 5 0
4 23 0
23 43 0
15 2 0
2 24 0
2 31 0
26 52 0
40 46 0
19 4 0
41 48 0
36 46 0
33 29 0
58 39 0
25 3 0
43 28 0
25 6 0
15 44 0
11 16 0
8 58 0
4 13 0
5 13 0
24 14 0
59 42 0
17 44 0
34 56 0
30 7 0
25 32 0
46 53 0
35 33 0
21 4 0
54 55 0
51 3 0
12 24 0
39 17 0
37 3 0
30 40 0
48 50 0
24 22 0
33 15 0
30 23 0
9 5 0
55 33 0
8 38 0
17 55 0
32 15 0
54 27 0
17 6 0
55 1 0
26 36 0
7 59 0
16 55 0
49 39 0
21 39 0
36 57 0
58 6 0
20 11 0
14 20 0
47 22 0
57 4 0
21 33 0
19 15 0
1 39 0
24 55 0
39 54 0
31 46 0
53 50 0
45 47 0
29 10 0
30 9 0
8 28 0
15 31 0
38 32 0
50 30 0
53 48 0
33 18 0
21 51 0
36 25 0
31 1 0
4 51 0
38 21 0
3 13 0
30 10 0
44 23 0
20 35 0
52 18 0
27 25 0
35 51 0
21 12 0
16 40 0
13 14 0
5 31 0
5 47 0
52 7 0
59 22 0
20 43 0
14 5 0
6 33 0
43 2 0
54 10 0
31 30 0
1 51 0
45 21 0
50 1 0
6 3 0
14 48 0
9 11 0
51 49 0
7 1 0
27 53 0
3 21 0
3 33 0
54 7 0
28 39 0
28 18 0
25 43 0
19 43 0
58 52 0
39 34 0
54 34 0
28 1 0
34 58 0
53 40 0
23 59 0
13 18 0
7 44 0
1 38 0
2 44 0
15 26 0
44 39 0
26 27 0
34 24 0
3 14 0
50 34 0
32 16 0
9 54 0
19 25 0
16 29 0
10 17 0
7 15 0
5 25 0
44 48 0
8 1 0
55 38 0
27 33 0
2 50 0
53 8 0
8 47 0
41 29 0
15 17 0
48 27 0
16 8 0
56 31 0
36 6 0
51 47 0
16 13 0
48 24 0
13 47 0
2 40 0
20 7 0
34 13 0
15 41 0
14 18 0
45 36 0
10 41 0
11 49 0
36 18 0
2 52 0
30 53 0
40 25 0
27 4 0
20 49 0
45 23 0
53 3 0
41 14 0
5 30 0
53 18 0
15 4 0
12 9 0
10 47 0
26 12 0
43 56 0
9 7 0
43 49 0
31 10 0
56 7 0
14 17 0
39 52 0
5 24 0
6 14 0
53 58 0
35 12 0
20 16 0
38 50 0
50 40 0
32 33 0
29 7 0
46 29 0
45 13 0
10 25 0
5 18 0
52 15 0
2 23 0
56 22 0
12 10 0
59 6 0
49 31 0
38 22 0
37 28 0
51 54 0
31 40 0
9 15 0
29 37 0
47 46 0
47 48 0
13 43 0
14 55 0
18 29 0
51 16 0
26 18 0
59 36 0
2 9 0
10 24 0
40 1 0
14 27 0
14 7 0
22 31 0
39 31 0
51 14 0
34 46 0
33 58 0
18 48 0
34 17 0
29 40 0
29 24 0
47 38 0
47 27 0
38 2 0
57 35 0
32 11 0
41 57 0
46 24 0
41 3 0
24 15 0
31 26 0
38 9 0
42 7 0
52 12 0
30 39 0
53 22 0
23 7 0
11 54 0
18 55 0
19 24 0
30 12 0
15 38 0
2 49 0
4 40 0
2 46 0
50 54 0
2 25 0
33 54 0
46 43 0
49 44 0
39 6 0
18 58 0
34 3 0
3 4 0
10 49 0
59 11 0
35 53 0
5 40 0
18 38 0
39 8 0
21 13 0
57 34 0
40 42 0
38 14 0
44 40 0
22 10 0
56 25 0
21 35 0
20 36 0
7 58 0
47 31 0
15 12 0
45 16 0
45 14 0
56 29 0
55 34 0
19 8 0
50 23 0
18 12 0
26 17 0
12 33 0
32 1 0
49 21 0
23 36 0
57 45 0
9 10 0
3 45 0
27 42 0
42 24 0
40 13 0
37 5 0
32 13 0
5 21 0
33 23 0
6 27 0
36 32 0
8 33 0
18 54 0
24 26 0
8 30 0
11 35 0
12 56 0
12 43 0
3 5 0
13 17 0
55 19 0
19 3 0
55 40 0
6 9 0
52 20 0
47 4 0
20 50 0
54 35 0
37 56 0
39 18 0
39 35 0
4 59 0
7 4 0
23 29 0
6 18 0
20 37 0
37 7 0
41 56 0
56 39 0
35 37 0
35 15 0
59 19 0
54 30 0
57 2 0
34 4 0
5 56 0
18 40 0
57 44 0
44 34 0
51 29 0
