1 1 1
2 2 1
3 3 1
4 4 1
5 5 1
6 6 1
7 7 1
8 8 1
9 9 1
10 10 1
11 11 1
12 12 1
13 13 1
14 14 1
15 15 1
16 16 1
17 17 1
18 18 1
19 19 1
20 20 1
21 21 1
22 22 1
23 23 1
24 24 1
25 25 1
26 26 1
27 27 1
28 28 1
29 29 1
30 30 1
31 31 1
32 32 1
33 33 1
34 34 1
35 35 1
36 36 1
37 37 1
38 38 1
39 39 1
40 40 1
41 41 1
42 42 1
43 43 1
44 44 1
45 45 1
46 46 1
47 47 1
48 48 1
49 49 1
50 50 1
51 51 1
52 52 1
53 53 1
54 54 1
55 55 1
56 56 1
57 57 1
58 58 1
59 59 1
60 60 1
61 61 1
62 62 1
63 63 1
64 64 1
65 65 1
66 66 1
67 67 1
68 68 1
69 69 1
70 70 1
71 71 1
72 72 1
73 73 1
74 74 1
75 75 1
76 76 1
77 77 1
78 78 1
79 79 1
80 80 1
81 81 1
82 82 1
83 83 1
84 84 1
85 85 1
86 86 1
87 87 1
88 88 1
89 89 1
90 90 1
91 91 1
92 92 1
93 93 1
94 94 1
95 95 1
96 96 1
97 97 1
98 98 1
99 99 1
100 100 1
101 101 1
102 102 1
103 103 1
104 104 1
105 105 1
106 106 1
107 107 1
108 108 1
109 109 1
110 110 1
111 111 1
112 112 1
113 113 1
114 114 1
115 115 1
116 116 1
117 117 1
118 118 1
119 119 1
120 120 1
121 121 1
122 122 1
123 123 1
124 124 1
125 125 1
126 126 1
127 127 1
128 128 1
129 129 1
130 130 1
131 131 1
132 132 1
133 133 1
134 134 1
135 135 1
136 136 1
137 137 1
138 138 1
139 139 1
140 140 1
141 141 1
142 142 1
143 143 1
144 144 1
145 145 1
146 146 1
147 147 1
148 148 1
149 149 1
150 150 1
151 151 1
152 152 1
153 153 1
154 154 1
155 155 1
156 156 1
157 157 1
158 158 1
159 159 1
160 160 1
161 161 1
162 162 1
163 163 1
164 164 1
165 165 1
166 166 1
167 167 1
168 168 1
169 169 1
170 170 1
171 171 1
172 172 1
173 173 1
174 174 1
175 175 1
176 176 1
177 177 1
178 178 1
179 179 1
180 180 1
181 181 1
182 182 1
183 183 1
184 184 1
185 185 1
186 186 1
187 187 1
188 188 1
189 189 1
190 190 1
191 191 1
192 192 1
193 193 1
194 194 1
195 195 1
196 196 1
197 197 1
198 198 1
199 199 1
200 200 1
201 201 1
202 202 1
203 203 1
204 204 1
205 205 1
206 206 1
207 207 1
208 208 1
209 209 1
210 210 1
211 211 1
212 212 1
213 213 1
214 214 1
215 215 1
216 216 1
217 217 1
218 218 1
219 219 1
220 220 1
221 221 1
222 222 1
223 223 1
224 224 1
225 225 1
226 226 1
227 227 1
228 228 1
229 229 1
230 230 1
231 231 1
232 232 1
233 233 1
234 234 1
235 235 1
236 236 1
237 237 1
238 238 1
239 239 1
240 240 1
241 241 1
242 242 1
243 243 1
244 244 1
245 245 1
246 246 1
247 247 1
248 248 1
249 249 1
250 250 1
251 251 1
252 252 1
253 253 1
254 254 1
255 255 1
256 256 1
257 257 1
258 258 1
259 259 1
260 260 1
261 261 1
262 262 1
263 263 1
264 264 1
265 265 1
266 266 1
267 267 1
268 268 1
269 269 1
270 270 1
271 271 1
272 272 1
273 273 1
274 274 1
275 275 1
276 276 1
277 277 1
278 278 1
279 279 1
280 280 1
281 281 1
282 282 1
283 283 1
284 284 1
285 285 1
286 286 1
287 287 1
288 288 1
289 289 1
290 290 1
291 291 1
292 292 1
293 293 1
294 294 1
295 295 1
296 296 1
297 297 1
298 298 1
299 299 1
300 300 1
301 301 1
302 302 1
303 303 1
304 304 1
305 305 1
306 306 1
307 307 1
308 308 1
309 309 1
310 310 1
311 311 1
312 312 1
313 313 1
314 314 1
315 315 1
316 316 1
317 317 1
318 318 1
319 319 1
320 320 1
321 321 1
322 322 1
323 323 1
324 324 1
325 325 1
326 326 1
327 327 1
328 328 1
329 329 1
330 330 1
331 331 1
332 332 1
333 333 1
334 334 1
335 335 1
336 336 1
337 337 1
338 338 1
339 339 1
340 340 1
341 341 1
342 342 1
343 343 1
344 344 1
345 345 1
346 346 1
347 347 1
348 348 1
349 349 1
350 350 1
351 351 1
352 352 1
353 353 1
354 354 1
355 355 1
356 356 1
357 357 1
358 358 1
359 359 1
360 360 1
361 361 1
362 362 1
363 363 1
364 364 1
365 365 1
366 366 1
367 367 1
368 368 1
369 369 1
370 370 1
371 371 1
372 372 1
373 373 1
374 374 1
375 375 1
376 376 1
377 377 1
378 378 1
379 379 1
380 380 1
381 381 1
382 382 1
383 383 1
384 384 1
385 385 1
386 386 1
387 387 1
388 388 1
389 389 1
390 390 1
391 391 1
392 392 1
393 393 1
394 394 1
395 395 1
396 396 1
397 397 1
398 398 1
399 399 1
400 400 1
401 401 1
402 402 1
403 403 1
404 404 1
405 405 1
406 406 1
407 407 1
408 408 1
409 409 1
410 410 1
411 411 1
412 412 1
413 413 1
414 414 1
415 415 1
416 416 1
417 417 1
418 418 1
419 419 1
420 420 1
421 421 1
422 422 1
423 423 1
424 424 1
425 425 1
426 426 1
427 427 1
428 428 1
429 429 1
430 430 1
431 431 1
432 432 1
433 433 1
434 434 1
435 435 1
436 436 1
437 437 1
438 438 1
439 439 1
440 440 1
441 441 1
442 442 1
443 443 1
444 444 1
445 445 1
446 446 1
447 447 1
448 448 1
449 449 1
450 450 1
451 451 1
452 452 1
453 453 1
454 454 1
455 455 1
456 456 1
457 457 1
458 458 1
459 459 1
460 460 1
461 461 1
462 462 1
463 463 1
464 464 1
465 465 1
466 466 1
467 467 1
468 468 1
469 469 1
470 470 1
471 471 1
472 472 1
473 473 1
474 474 1
475 475 1
476 476 1
477 477 1
478 478 1
479 479 1
480 480 1
481 481 1
482 482 1
483 483 1
484 484 1
485 485 1
486 486 1
487 487 1
488 488 1
489 489 1
490 490 1
491 491 1
492 492 1
493 493 1
494 494 1
495 495 1
496 496 1
497 497 1
498 498 1
499 499 1
500 500 1
501 501 1
502 502 1
503 503 1
504 504 1
505 505 1
506 506 1
507 507 1
508 508 1
509 509 1
510 510 1
511 511 1
512 512 1
513 513 1
514 514 1
515 515 1
516 516 1
517 517 1
518 518 1
519 519 1
520 520 1
521 521 1
522 522 1
523 523 1
524 524 1
525 525 1
526 526 1
527 527 1
528 528 1
529 529 1
530 530 1
531 531 1
532 532 1
533 533 1
534 534 1
535 535 1
536 536 1
537 537 1
538 538 1
539 539 1
540 540 1
541 541 1
542 542 1
543 543 1
544 544 1
545 545 1
546 546 1
547 547 1
548 548 1
549 549 1
550 550 1
551 551 1
552 552 1
553 553 1
554 554 1
555 555 1
556 556 1
557 557 1
558 558 1
559 559 1
560 560 1
561 561 1
562 562 1
563 563 1
564 564 1
565 565 1
566 566 1
567 567 1
568 568 1
569 569 1
570 570 1
571 571 1
572 572 1
573 573 1
574 574 1
575 575 1
576 576 1
577 577 1
578 578 1
579 579 1
580 580 1
581 581 1
582 582 1
583 583 1
584 584 1
585 585 1
586 586 1
587 587 1
588 588 1
589 589 1
590 590 1
591 591 1
592 592 1
593 593 1
594 594 1
595 595 1
596 596 1
597 597 1
598 598 1
599 599 1
600 600 1
601 601 1
602 602 1
603 603 1
604 604 1
605 605 1
606 606 1
607 607 1
608 608 1
609 609 1
610 610 1
611 611 1
612 612 1
613 613 1
614 614 1
615 615 1
616 616 1
617 617 1
618 618 1
619 619 1
620 620 1
621 621 1
622 622 1
623 623 1
624 624 1
625 625 1
626 626 1
627 627 1
628 628 1
629 629 1
630 630 1
631 631 1
632 632 1
633 633 1
634 634 1
635 635 1
636 636 1
637 637 1
638 638 1
639 639 1
640 640 1
641 641 1
642 642 1
643 643 1
644 644 1
645 645 1
646 646 1
647 647 1
648 648 1
649 649 1
650 650 1
651 651 1
652 652 1
653 653 1
654 654 1
655 655 1
656 656 1
657 657 1
658 658 1
659 659 1
660 660 1
661 661 1
662 662 1
663 663 1
664 664 1
665 665 1
666 666 1
667 667 1
668 668 1
669 669 1
670 670 1
671 671 1
672 672 1
673 673 1
674 674 1
675 675 1
676 676 1
677 677 1
678 678 1
679 679 1
680 680 1
681 681 1
682 682 1
683 683 1
684 684 1
685 685 1
686 686 1
687 687 1
688 688 1
689 689 1
690 690 1
691 691 1
692 692 1
693 693 1
694 694 1
695 695 1
696 696 1
697 697 1
698 698 1
699 699 1
700 700 1
701 701 1
702 702 1
703 703 1
704 704 1
705 705 1
706 706 1
707 707 1
708 708 1
709 709 1
710 710 1
711 711 1
712 712 1
713 713 1
714 714 1
715 715 1
716 716 1
717 717 1
718 718 1
719 719 1
720 720 1
721 721 1
722 722 1
723 723 1
724 724 1
725 725 1
726 726 1
727 727 1
728 728 1
729 729 1
730 730 1
731 731 1
732 732 1
733 733 1
734 734 1
735 735 1
736 736 1
737 737 1
738 738 1
739 739 1
740 740 1
741 741 1
742 742 1
743 743 1
744 744 1
745 745 1
746 746 1
747 747 1
748 748 1
749 749 1
750 750 1
751 751 1
752 752 1
753 753 1
754 754 1
755 755 1
756 756 1
757 757 1
758 758 1
759 759 1
760 760 1
761 761 1
762 762 1
763 763 1
764 764 1
765 765 1
766 766 1
767 767 1
768 768 1
769 769 1
770 770 1
771 771 1
772 772 1
773 773 1
774 774 1
775 775 1
776 776 1
777 777 1
778 778 1
779 779 1
780 780 1
781 781 1
782 782 1
783 783 1
784 784 1
785 785 1
786 786 1
787 787 1
788 788 1
789 789 1
790 790 1
791 791 1
792 792 1
793 793 1
794 794 1
795 795 1
796 796 1
797 797 1
798 798 1
799 799 1
800 800 1
801 801 1
802 802 1
803 803 1
804 804 1
805 805 1
806 806 1
807 807 1
808 808 1
809 809 1
810 810 1
811 811 1
812 812 1
813 813 1
814 814 1
815 815 1
816 816 1
817 817 1
818 818 1
819 819 1
820 820 1
821 821 1
822 822 1
823 823 1
824 824 1
825 825 1
826 826 1
827 827 1
828 828 1
829 829 1
830 830 1
831 831 1
832 832 1
833 833 1
834 834 1
835 835 1
836 836 1
837 837 1
838 838 1
839 839 1
840 840 1
841 841 1
842 842 1
843 843 1
844 844 1
845 845 1
846 846 1
847 847 1
848 848 1
849 849 1
850 850 1
851 851 1
852 852 1
853 853 1
854 854 1
855 855 1
856 856 1
857 857 1
858 858 1
859 859 1
860 860 1
861 861 1
862 862 1
863 863 1
864 864 1
865 865 1
866 866 1
867 867 1
868 868 1
869 869 1
870 870 1
871 871 1
872 872 1
873 873 1
874 874 1
875 875 1
876 876 1
877 877 1
878 878 1
879 879 1
880 880 1
881 881 1
882 882 1
883 883 1
884 884 1
885 885 1
886 886 1
887 887 1
888 888 1
889 889 1
890 890 1
891 891 1
892 892 1
893 893 1
894 894 1
895 895 1
896 896 1
897 897 1
898 898 1
899 899 1
900 900 1
901 901 1
902 902 1
903 903 1
904 904 1
905 905 1
906 906 1
907 907 1
908 908 1
909 909 1
910 910 1
911 911 1
912 912 1
913 913 1
914 914 1
915 915 1
916 916 1
917 917 1
918 918 1
919 919 1
920 920 1
921 921 1
922 922 1
923 923 1
924 924 1
925 925 1
926 926 1
927 927 1
928 928 1
929 929 1
930 930 1
931 931 1
932 932 1
933 933 1
934 934 1
935 935 1
936 936 1
937 937 1
938 938 1
939 939 1
940 940 1
941 941 1
942 942 1
943 943 1
944 944 1
945 945 1
946 946 1
947 947 1
948 948 1
949 949 1
950 950 1
951 951 1
952 952 1
953 953 1
954 954 1
955 955 1
956 956 1
957 957 1
958 958 1
959 959 1
960 960 1
961 961 1
962 962 1
963 963 1
964 964 1
965 965 1
966 966 1
967 967 1
968 968 1
969 969 1
970 970 1
971 971 1
972 972 1
973 973 1
974 974 1
975 975 1
976 976 1
977 977 1
978 978 1
979 979 1
980 980 1
981 981 1
982 982 1
983 983 1
984 984 1
985 985 1
986 986 1
987 987 1
988 988 1
989 989 1
990 990 1
991 991 1
992 992 1
993 993 1
994 994 1
995 995 1
996 996 1
997 997 1
998 998 1
999 999 1
1000 1000 1
1001 1001 1
1002 1002 1
1003 1003 1
1004 1004 1
1005 1005 1
1006 1006 1
1007 1007 1
1008 1008 1
1009 1009 1
1010 1010 1
1011 1011 1
1012 1012 1
1013 1013 1
1014 1014 1
1015 1015 1
1016 1016 1
1017 1017 1
1018 1018 1
1019 1019 1
1020 1020 1
1021 1021 1
1022 1022 1
1023 1023 1
1024 1024 1
1025 1025 1
1026 1026 1
1027 1027 1
1028 1028 1
1029 1029 1
1030 1030 1
1031 1031 1
1032 1032 1
1033 1033 1
1034 1034 1
1035 1035 1
1036 1036 1
1037 1037 1
1038 1038 1
1039 1039 1
1040 1040 1
1041 1041 1
1042 1042 1
1043 1043 1
1044 1044 1
1045 1045 1
1046 1046 1
1047 1047 1
1048 1048 1
1049 1049 1
1050 1050 1
1051 1051 1
1052 1052 1
1053 1053 1
1054 1054 1
1055 1055 1
1056 1056 1
1057 1057 1
1058 1058 1
1059 1059 1
1060 1060 1
1061 1061 1
1062 1062 1
1063 1063 1
1064 1064 1
1065 1065 1
1066 1066 1
1067 1067 1
1068 1068 1
1069 1069 1
1070 1070 1
1071 1071 1
1072 1072 1
1073 1073 1
1074 1074 1
1075 1075 1
1076 1076 1
1077 1077 1
1078 1078 1
1079 1079 1
1080 1080 1
1081 1081 1
1082 1082 1
1083 1083 1
1084 1084 1
1085 1085 1
1086 1086 1
1087 1087 1
1088 1088 1
1089 1089 1
1090 1090 1
1091 1091 1
1092 1092 1
1093 1093 1
1094 1094 1
1095 1095 1
1096 1096 1
1097 1097 1
1098 1098 1
1099 1099 1
1100 1100 1
1101 1101 1
1102 1102 1
1103 1103 1
1104 1104 1
1105 1105 1
1106 1106 1
1107 1107 1
1108 1108 1
1109 1109 1
1110 1110 1
1111 1111 1
1112 1112 1
1113 1113 1
1114 1114 1
1115 1115 1
1116 1116 1
1117 1117 1
1118 1118 1
1119 1119 1
1120 1120 1
1121 1121 1
1122 1122 1
1123 1123 1
1124 1124 1
1125 1125 1
1126 1126 1
1127 1127 1
1128 1128 1
1129 1129 1
1130 1130 1
1131 1131 1
1132 1132 1
1133 1133 1
1134 1134 1
1135 1135 1
1136 1136 1
1137 1137 1
1138 1138 1
1139 1139 1
1140 1140 1
1141 1141 1
1142 1142 1
1143 1143 1
1144 1144 1
1145 1145 1
1146 1146 1
1147 1147 1
1148 1148 1
1149 1149 1
1150 1150 1
1151 1151 1
1152 1152 1
1153 1153 1
1154 1154 1
1155 1155 1
1156 1156 1
1157 1157 1
1158 1158 1
1159 1159 1
1160 1160 1
1161 1161 1
1162 1162 1
1163 1163 1
1164 1164 1
1165 1165 1
1166 1166 1
1167 1167 1
1168 1168 1
1169 1169 1
1170 1170 1
1171 1171 1
1172 1172 1
1173 1173 1
1174 1174 1
1175 1175 1
1176 1176 1
1177 1177 1
1178 1178 1
1179 1179 1
1180 1180 1
1181 1181 1
1182 1182 1
1183 1183 1
1184 1184 1
1185 1185 1
1186 1186 1
1187 1187 1
1188 1188 1
1189 1189 1
1190 1190 1
1191 1191 1
1192 1192 1
1193 1193 1
1194 1194 1
1195 1195 1
1196 1196 1
1197 1197 1
1198 1198 1
1199 1199 1
1200 1200 1
1201 1201 1
1202 1202 1
1203 1203 1
1204 1204 1
1205 1205 1
1206 1206 1
1207 1207 1
1208 1208 1
1209 1209 1
1210 1210 1
1211 1211 1
1212 1212 1
1213 1213 1
1214 1214 1
1215 1215 1
1216 1216 1
1217 1217 1
1218 1218 1
1219 1219 1
1220 1220 1
1221 1221 1
1222 1222 1
1223 1223 1
1224 1224 1
1225 1225 1
1226 1226 1
1227 1227 1
1228 1228 1
1229 1229 1
1230 1230 1
1231 1231 1
1232 1232 1
1233 1233 1
1234 1234 1
1235 1235 1
1236 1236 1
1237 1237 1
1238 1238 1
1239 1239 1
1240 1240 1
1241 1241 1
1242 1242 1
1243 1243 1
1244 1244 1
1245 1245 1
1246 1246 1
1247 1247 1
1248 1248 1
1249 1249 1
1250 1250 1
1251 1251 1
1252 1252 1
1253 1253 1
1254 1254 1
1255 1255 1
1256 1256 1
1257 1257 1
1258 1258 1
1259 1259 1
1260 1260 1
1261 1261 1
1262 1262 1
1263 1263 1
1264 1264 1
1265 1265 1
1266 1266 1
1267 1267 1
1268 1268 1
1269 1269 1
1270 1270 1
1271 1271 1
1272 1272 1
1273 1273 1
1274 1274 1
1275 1275 1
1276 1276 1
1277 1277 1
1278 1278 1
1279 1279 1
1280 1280 1
1281 1281 1
1282 1282 1
1283 1283 1
1284 1284 1
1285 1285 1
1286 1286 1
1287 1287 1
1288 1288 1
1289 1289 1
1290 1290 1
1291 1291 1
1292 1292 1
1293 1293 1
1294 1294 1
1295 1295 1
1296 1296 1
1297 1297 1
1298 1298 1
1299 1299 1
1300 1300 1
1301 1301 1
1302 1302 1
1303 1303 1
1304 1304 1
1305 1305 1
1306 1306 1
1307 1307 1
1308 1308 1
1309 1309 1
1310 1310 1
1311 1311 1
1312 1312 1
1313 1313 1
1314 1314 1
1315 1315 1
1316 1316 1
1317 1317 1
1318 1318 1
1319 1319 1
1320 1320 1
1321 1321 1
1322 1322 1
1323 1323 1
1324 1324 1
1325 1325 1
1326 1326 1
1327 1327 1
1328 1328 1
1329 1329 1
1330 1330 1
1331 1331 1
1332 1332 1
1333 1333 1
1334 1334 1
1335 1335 1
1336 1336 1
1337 1337 1
1338 1338 1
1339 1339 1
1340 1340 1
1341 1341 1
1342 1342 1
1343 1343 1
1344 1344 1
1345 1345 1
1346 1346 1
1347 1347 1
1348 1348 1
1349 1349 1
1350 1350 1
1351 1351 1
1352 1352 1
1353 1353 1
1354 1354 1
1355 1355 1
1356 1356 1
1357 1357 1
1358 1358 1
1359 1359 1
1360 1360 1
1361 1361 1
1362 1362 1
1363 1363 1
1364 1364 1
1365 1365 1
1366 1366 1
1367 1367 1
1368 1368 1
1369 1369 1
1370 1370 1
1371 1371 1
1372 1372 1
1373 1373 1
1374 1374 1
1375 1375 1
1376 1376 1
1377 1377 1
1378 1378 1
1379 1379 1
1380 1380 1
1381 1381 1
1382 1382 1
1383 1383 1
1384 1384 1
1385 1385 1
1386 1386 1
1387 1387 1
1388 1388 1
1389 1389 1
1390 1390 1
1391 1391 1
1392 1392 1
1393 1393 1
1394 1394 1
1395 1395 1
1396 1396 1
1397 1397 1
1398 1398 1
1399 1399 1
1400 1400 1
1401 1401 1
1402 1402 1
1403 1403 1
1404 1404 1
1405 1405 1
1406 1406 1
1407 1407 1
1408 1408 1
1409 1409 1
1410 1410 1
1411 1411 1
1412 1412 1
1413 1413 1
1414 1414 1
1415 1415 1
1416 1416 1
1417 1417 1
1418 1418 1
1419 1419 1
1420 1420 1
1421 1421 1
1422 1422 1
1423 1423 1
1424 1424 1
1425 1425 1
1426 1426 1
1427 1427 1
1428 1428 1
1429 1429 1
1430 1430 1
1431 1431 1
1432 1432 1
1433 1433 1
1434 1434 1
1435 1435 1
1436 1436 1
1437 1437 1
1438 1438 1
1439 1439 1
1440 1440 1
1441 1441 1
1442 1442 1
1443 1443 1
1444 1444 1
1445 1445 1
1446 1446 1
1447 1447 1
1448 1448 1
1449 1449 1
1450 1450 1
1451 1451 1
1452 1452 1
1453 1453 1
1454 1454 1
1455 1455 1
1456 1456 1
1457 1457 1
1458 1458 1
1459 1459 1
1460 1460 1
1461 1461 1
1462 1462 1
1463 1463 1
1464 1464 1
1465 1465 1
1466 1466 1
1467 1467 1
1468 1468 1
1469 1469 1
1470 1470 1
1471 1471 1
1472 1472 1
1473 1473 1
1474 1474 1
1475 1475 1
1476 1476 1
1477 1477 1
1478 1478 1
1479 1479 1
1480 1480 1
1481 1481 1
1482 1482 1
1483 1483 1
1484 1484 1
1485 1485 1
1486 1486 1
1487 1487 1
1488 1488 1
1489 1489 1
1490 1490 1
1491 1491 1
1492 1492 1
1493 1493 1
1494 1494 1
1495 1495 1
1496 1496 1
1497 1497 1
1498 1498 1
1499 1499 1
1500 1500 1
1501 1501 1
1502 1502 1
1503 1503 1
1504 1504 1
1505 1505 1
1506 1506 1
1507 1507 1
1508 1508 1
1509 1509 1
1510 1510 1
1511 1511 1
1512 1512 1
1513 1513 1
1514 1514 1
1515 1515 1
1516 1516 1
1517 1517 1
1518 1518 1
1519 1519 1
1520 1520 1
1521 1521 1
1522 1522 1
1523 1523 1
1524 1524 1
1525 1525 1
1526 1526 1
1527 1527 1
1528 1528 1
1529 1529 1
1530 1530 1
1531 1531 1
1532 1532 1
1533 1533 1
1534 1534 1
1535 1535 1
1536 1536 1
1537 1537 1
1538 1538 1
1539 1539 1
1540 1540 1
1541 1541 1
1542 1542 1
1543 1543 1
1544 1544 1
1545 1545 1
1546 1546 1
1547 1547 1
1548 1548 1
1549 1549 1
1550 1550 1
1551 1551 1
1552 1552 1
1553 1553 1
1554 1554 1
1555 1555 1
1556 1556 1
1557 1557 1
1558 1558 1
1559 1559 1
1560 1560 1
1561 1561 1
1562 1562 1
1563 1563 1
1564 1564 1
1565 1565 1
1566 1566 1
1567 1567 1
1568 1568 1
1569 1569 1
1570 1570 1
1571 1571 1
1572 1572 1
1573 1573 1
1574 1574 1
1575 1575 1
1576 1576 1
1577 1577 1
1578 1578 1
1579 1579 1
1580 1580 1
1581 1581 1
1582 1582 1
1583 1583 1
1584 1584 1
1585 1585 1
1586 1586 1
1587 1587 1
1588 1588 1
1589 1589 1
1590 1590 1
1591 1591 1
1592 1592 1
1593 1593 1
1594 1594 1
1595 1595 1
1596 1596 1
1597 1597 1
1598 1598 1
1599 1599 1
1600 1600 1
1601 1601 1
1602 1602 1
1603 1603 1
1604 1604 1
1605 1605 1
1606 1606 1
1607 1607 1
1608 1608 1
1609 1609 1
1610 1610 1
1611 1611 1
1612 1612 1
1613 1613 1
1614 1614 1
1615 1615 1
1616 1616 1
1617 1617 1
1618 1618 1
1619 1619 1
1620 1620 1
1621 1621 1
1622 1622 1
1623 1623 1
1624 1624 1
1625 1625 1
1626 1626 1
1627 1627 1
1628 1628 1
1629 1629 1
1630 1630 1
1631 1631 1
1632 1632 1
1633 1633 1
1634 1634 1
1635 1635 1
1636 1636 1
1637 1637 1
1638 1638 1
1639 1639 1
1640 1640 1
1641 1641 1
1642 1642 1
1643 1643 1
1644 1644 1
1645 1645 1
1646 1646 1
1647 1647 1
1648 1648 1
1649 1649 1
1650 1650 1
1651 1651 1
1652 1652 1
1653 1653 1
1654 1654 1
1655 1655 1
1656 1656 1
1657 1657 1
1658 1658 1
1659 1659 1
1660 1660 1
1661 1661 1
1662 1662 1
1663 1663 1
1664 1664 1
1665 1665 1
1666 1666 1
1667 1667 1
1668 1668 1
1669 1669 1
1670 1670 1
1671 1671 1
1672 1672 1
1673 1673 1
1674 1674 1
1675 1675 1
1676 1676 1
1677 1677 1
1678 1678 1
1679 1679 1
1680 1680 1
1681 1681 1
1682 1682 1
1683 1683 1
1684 1684 1
1685 1685 1
1686 1686 1
1687 1687 1
1688 1688 1
1689 1689 1
1690 1690 1
1691 1691 1
1692 1692 1
1693 1693 1
1694 1694 1
1695 1695 1
1696 1696 1
1697 1697 1
1698 1698 1
1699 1699 1
1700 1700 1
1701 1701 1
1702 1702 1
1703 1703 1
1704 1704 1
1705 1705 1
1706 1706 1
1707 1707 1
1708 1708 1
1709 1709 1
1710 1710 1
1711 1711 1
1712 1712 1
1713 1713 1
1714 1714 1
1715 1715 1
1716 1716 1
1717 1717 1
1718 1718 1
1719 1719 1
1720 1720 1
1721 1721 1
1722 1722 1
1723 1723 1
1724 1724 1
1725 1725 1
1726 1726 1
1727 1727 1
1728 1728 1
1729 1729 1
1730 1730 1
1731 1731 1
1732 1732 1
1733 1733 1
1734 1734 1
1735 1735 1
1736 1736 1
1737 1737 1
1738 1738 1
1739 1739 1
1740 1740 1
1741 1741 1
1742 1742 1
1743 1743 1
1744 1744 1
1745 1745 1
1746 1746 1
1747 1747 1
1748 1748 1
1749 1749 1
1750 1750 1
1751 1751 1
1752 1752 1
1753 1753 1
1754 1754 1
1755 1755 1
1756 1756 1
1757 1757 1
1758 1758 1
1759 1759 1
1760 1760 1
1761 1761 1
1762 1762 1
1763 1763 1
1764 1764 1
1765 1765 1
1766 1766 1
1767 1767 1
1768 1768 1
1769 1769 1
1770 1770 1
1771 1771 1
1772 1772 1
1773 1773 1
1774 1774 1
1775 1775 1
1776 1776 1
1777 1777 1
1778 1778 1
1779 1779 1
1780 1780 1
1781 1781 1
1782 1782 1
1783 1783 1
1784 1784 1
1785 1785 1
1786 1786 1
1787 1787 1
1788 1788 1
1789 1789 1
1790 1790 1
1791 1791 1
1792 1792 1
1793 1793 1
1794 1794 1
1795 1795 1
1796 1796 1
1797 1797 1
1798 1798 1
1799 1799 1
1800 1800 1
1801 1801 1
1802 1802 1
1803 1803 1
1804 1804 1
1805 1805 1
1806 1806 1
1807 1807 1
1808 1808 1
1809 1809 1
1810 1810 1
1811 1811 1
1812 1812 1
1813 1813 1
1814 1814 1
1815 1815 1
1816 1816 1
1817 1817 1
1818 1818 1
1819 1819 1
1820 1820 1
1821 1821 1
1 2 0
2 3 0
3 4 0
4 5 0
5 6 0
6 7 0
7 8 0
8 9 0
9 10 0
10 11 0
11 12 0
12 13 0
13 14 0
14 15 0
15 16 0
16 17 0
17 18 0
18 19 0
19 20 0
20 21 0
21 22 0
22 23 0
23 24 0
24 25 0
25 26 0
26 27 0
27 28 0
28 29 0
29 30 0
30 31 0
31 32 0
32 33 0
33 34 0
34 35 0
35 36 0
36 37 0
37 38 0
38 39 0
39 40 0
40 41 0
41 42 0
42 43 0
43 44 0
44 45 0
45 46 0
46 47 0
47 48 0
48 49 0
49 50 0
50 51 0
51 52 0
52 53 0
53 54 0
54 55 0
55 56 0
56 57 0
57 58 0
58 59 0
59 60 0
60 61 0
61 62 0
62 63 0
63 64 0
64 65 0
65 66 0
66 67 0
67 68 0
68 69 0
69 70 0
70 71 0
71 72 0
72 73 0
73 74 0
74 75 0
75 76 0
76 77 0
77 78 0
78 79 0
79 80 0
80 81 0
81 82 0
82 83 0
83 84 0
84 85 0
85 86 0
86 87 0
87 88 0
88 89 0
89 90 0
90 91 0
91 92 0
92 93 0
93 94 0
94 95 0
95 96 0
96 97 0
97 98 0
98 99 0
99 100 0
100 101 0
101 102 0
102 103 0
103 104 0
104 105 0
105 106 0
106 107 0
107 108 0
108 109 0
109 110 0
110 111 0
111 112 0
112 113 0
113 114 0
114 115 0
115 116 0
116 117 0
117 118 0
118 119 0
119 120 0
120 121 0
121 122 0
122 123 0
123 124 0
124 125 0
125 126 0
126 127 0
127 128 0
128 129 0
129 130 0
130 131 0
131 132 0
132 133 0
133 134 0
134 135 0
135 136 0
136 137 0
137 138 0
138 139 0
139 140 0
140 141 0
141 142 0
142 143 0
143 144 0
144 145 0
145 146 0
146 147 0
147 148 0
148 149 0
149 150 0
150 151 0
151 152 0
152 153 0
153 154 0
154 155 0
155 156 0
156 157 0
157 158 0
158 159 0
159 160 0
160 161 0
161 162 0
162 163 0
163 164 0
164 165 0
165 166 0
166 167 0
167 168 0
168 169 0
169 170 0
170 171 0
171 172 0
172 173 0
173 174 0
174 175 0
175 176 0
176 177 0
177 178 0
178 179 0
179 180 0
180 181 0
181 182 0
182 183 0
183 184 0
184 185 0
185 186 0
186 187 0
187 188 0
188 189 0
189 190 0
190 191 0
191 192 0
192 193 0
193 194 0
194 195 0
195 196 0
196 197 0
197 198 0
198 199 0
199 200 0
200 201 0
201 202 0
202 203 0
203 204 0
204 205 0
205 206 0
206 207 0
207 208 0
208 209 0
209 210 0
210 211 0
211 212 0
212 213 0
213 214 0
214 215 0
215 216 0
216 217 0
217 218 0
218 219 0
219 220 0
220 221 0
221 222 0
222 223 0
223 224 0
224 225 0
225 226 0
226 227 0
227 228 0
228 229 0
229 230 0
230 231 0
231 232 0
232 233 0
233 234 0
234 235 0
235 236 0
236 237 0
237 238 0
238 239 0
239 240 0
240 241 0
241 242 0
242 243 0
243 244 0
244 245 0
245 246 0
246 247 0
247 248 0
248 249 0
249 250 0
250 251 0
251 252 0
252 253 0
253 254 0
254 255 0
255 256 0
256 257 0
257 258 0
258 259 0
259 260 0
260 261 0
261 262 0
262 263 0
263 264 0
264 265 0
265 266 0
266 267 0
267 268 0
268 269 0
269 270 0
270 271 0
271 272 0
272 273 0
273 274 0
274 275 0
275 276 0
276 277 0
277 278 0
278 279 0
279 280 0
280 281 0
281 282 0
282 283 0
283 284 0
284 285 0
285 286 0
286 287 0
287 288 0
288 289 0
289 290 0
290 291 0
291 292 0
292 293 0
293 294 0
294 295 0
295 296 0
296 297 0
297 298 0
298 299 0
299 300 0
300 301 0
301 302 0
302 303 0
303 304 0
304 305 0
305 306 0
306 307 0
307 308 0
308 309 0
309 310 0
310 311 0
311 312 0
312 313 0
313 314 0
314 315 0
315 316 0
316 317 0
317 318 0
318 319 0
319 320 0
320 321 0
321 322 0
322 323 0
323 324 0
324 325 0
325 326 0
326 327 0
327 328 0
328 329 0
329 330 0
330 331 0
331 332 0
332 333 0
333 334 0
334 335 0
335 336 0
336 337 0
337 338 0
338 339 0
339 340 0
340 341 0
341 342 0
342 343 0
343 344 0
344 345 0
345 346 0
346 347 0
347 348 0
348 349 0
349 350 0
350 351 0
351 352 0
352 353 0
353 354 0
354 355 0
355 356 0
356 357 0
357 358 0
358 359 0
359 360 0
360 361 0
361 362 0
362 363 0
363 364 0
364 365 0
365 366 0
366 367 0
367 368 0
368 369 0
369 370 0
370 371 0
371 372 0
372 373 0
373 374 0
374 375 0
375 376 0
376 377 0
377 378 0
378 379 0
379 380 0
380 381 0
381 382 0
382 383 0
383 384 0
384 385 0
385 386 0
386 387 0
387 388 0
388 389 0
389 390 0
390 391 0
391 392 0
392 393 0
393 394 0
394 395 0
395 396 0
396 397 0
397 398 0
398 399 0
399 400 0
400 401 0
401 402 0
402 403 0
403 404 0
404 405 0
405 406 0
406 407 0
407 408 0
408 409 0
409 410 0
410 411 0
411 412 0
412 413 0
413 414 0
414 415 0
415 416 0
416 417 0
417 418 0
418 419 0
419 420 0
420 421 0
421 422 0
422 423 0
423 424 0
424 425 0
425 426 0
426 427 0
427 428 0
428 429 0
429 430 0
430 431 0
431 432 0
432 433 0
433 434 0
434 435 0
435 436 0
436 437 0
437 438 0
438 439 0
439 440 0
440 441 0
441 442 0
442 443 0
443 444 0
444 445 0
445 446 0
446 447 0
447 448 0
448 449 0
449 450 0
450 451 0
451 452 0
452 453 0
453 454 0
454 455 0
455 456 0
456 457 0
457 458 0
458 459 0
459 460 0
460 461 0
461 462 0
462 463 0
463 464 0
464 465 0
465 466 0
466 467 0
467 468 0
468 469 0
469 470 0
470 471 0
471 472 0
472 473 0
473 474 0
474 475 0
475 476 0
476 477 0
477 478 0
478 479 0
479 480 0
480 481 0
481 482 0
482 483 0
483 484 0
484 485 0
485 486 0
486 487 0
487 488 0
488 489 0
489 490 0
490 491 0
491 492 0
492 493 0
493 494 0
494 495 0
495 496 0
496 497 0
497 498 0
498 499 0
499 500 0
500 501 0
501 502 0
502 503 0
503 504 0
504 505 0
505 506 0
506 507 0
507 508 0
508 509 0
509 510 0
510 511 0
511 512 0
512 513 0
513 514 0
514 515 0
515 516 0
516 517 0
517 518 0
518 519 0
519 520 0
520 521 0
521 522 0
522 523 0
523 524 0
524 525 0
525 526 0
526 527 0
527 528 0
528 529 0
529 530 0
530 531 0
531 532 0
532 533 0
533 534 0
534 535 0
535 536 0
536 537 0
537 538 0
538 539 0
539 540 0
540 541 0
541 542 0
542 543 0
543 544 0
544 545 0
545 546 0
546 547 0
547 548 0
548 549 0
549 550 0
550 551 0
551 552 0
552 553 0
553 554 0
554 555 0
555 556 0
556 557 0
557 558 0
558 559 0
559 560 0
560 561 0
561 562 0
562 563 0
563 564 0
564 565 0
565 566 0
566 567 0
567 568 0
568 569 0
569 570 0
570 571 0
571 572 0
572 573 0
573 574 0
574 575 0
575 576 0
576 577 0
577 578 0
578 579 0
579 580 0
580 581 0
581 582 0
582 583 0
583 584 0
584 585 0
585 586 0
586 587 0
587 588 0
588 589 0
589 590 0
590 591 0
591 592 0
592 593 0
593 594 0
594 595 0
595 596 0
596 597 0
597 598 0
598 599 0
599 600 0
600 601 0
601 602 0
602 603 0
603 604 0
604 605 0
605 606 0
606 607 0
607 608 0
608 609 0
609 610 0
610 611 0
611 612 0
612 613 0
613 614 0
614 615 0
615 616 0
616 617 0
617 618 0
618 619 0
619 620 0
620 621 0
621 622 0
622 623 0
623 624 0
624 625 0
625 626 0
626 627 0
627 628 0
628 629 0
629 630 0
630 631 0
631 632 0
632 633 0
633 634 0
634 635 0
635 636 0
636 637 0
637 638 0
638 639 0
639 640 0
640 641 0
641 642 0
642 643 0
643 644 0
644 645 0
645 646 0
646 647 0
647 648 0
648 649 0
649 650 0
650 651 0
651 652 0
652 653 0
653 654 0
654 655 0
655 656 0
656 657 0
657 658 0
658 659 0
659 660 0
660 661 0
661 662 0
662 663 0
663 664 0
664 665 0
665 666 0
666 667 0
667 668 0
668 669 0
669 670 0
670 671 0
671 672 0
672 673 0
673 674 0
674 675 0
675 676 0
676 677 0
677 678 0
678 679 0
679 680 0
680 681 0
681 682 0
682 683 0
683 684 0
684 685 0
685 686 0
686 687 0
687 688 0
688 689 0
689 690 0
690 691 0
691 692 0
692 693 0
693 694 0
694 695 0
695 696 0
696 697 0
697 698 0
698 699 0
699 700 0
700 701 0
701 702 0
702 703 0
703 704 0
704 705 0
705 706 0
706 707 0
707 708 0
708 709 0
709 710 0
710 711 0
711 712 0
712 713 0
713 714 0
714 715 0
715 716 0
716 717 0
717 718 0
718 719 0
719 720 0
720 721 0
721 722 0
722 723 0
723 724 0
724 725 0
725 726 0
726 727 0
727 728 0
728 729 0
729 730 0
730 731 0
731 732 0
732 733 0
733 734 0
734 735 0
735 736 0
736 737 0
737 738 0
738 739 0
739 740 0
740 741 0
741 742 0
742 743 0
743 744 0
744 745 0
745 746 0
746 747 0
747 748 0
748 749 0
749 750 0
750 751 0
751 752 0
752 753 0
753 754 0
754 755 0
755 756 0
756 757 0
757 758 0
758 759 0
759 760 0
760 761 0
761 762 0
762 763 0
763 764 0
764 765 0
765 766 0
766 767 0
767 768 0
768 769 0
769 770 0
770 771 0
771 772 0
772 773 0
773 774 0
774 775 0
775 776 0
776 777 0
777 778 0
778 779 0
779 780 0
780 781 0
781 782 0
782 783 0
783 784 0
784 785 0
785 786 0
786 787 0
787 788 0
788 789 0
789 790 0
790 791 0
791 792 0
792 793 0
793 794 0
794 795 0
795 796 0
796 797 0
797 798 0
798 799 0
799 800 0
800 801 0
801 802 0
802 803 0
803 804 0
804 805 0
805 806 0
806 807 0
807 808 0
808 809 0
809 810 0
810 811 0
811 812 0
812 813 0
813 814 0
814 815 0
815 816 0
816 817 0
817 818 0
818 819 0
819 820 0
820 821 0
821 822 0
822 823 0
823 824 0
824 825 0
825 826 0
826 827 0
827 828 0
828 829 0
829 830 0
830 831 0
831 832 0
832 833 0
833 834 0
834 835 0
835 836 0
836 837 0
837 838 0
838 839 0
839 840 0
840 841 0
841 842 0
842 843 0
843 844 0
844 845 0
845 846 0
846 847 0
847 848 0
848 849 0
849 850 0
850 851 0
851 852 0
852 853 0
853 854 0
854 855 0
855 856 0
856 857 0
857 858 0
858 859 0
859 860 0
860 861 0
861 862 0
862 863 0
863 864 0
864 865 0
865 866 0
866 867 0
867 868 0
868 869 0
869 870 0
870 871 0
871 872 0
872 873 0
873 874 0
874 875 0
875 876 0
876 877 0
877 878 0
878 879 0
879 880 0
880 881 0
881 882 0
882 883 0
883 884 0
884 885 0
885 886 0
886 887 0
887 888 0
888 889 0
889 890 0
890 891 0
891 892 0
892 893 0
893 894 0
894 895 0
895 896 0
896 897 0
897 898 0
898 899 0
899 900 0
900 901 0
901 902 0
902 903 0
903 904 0
904 905 0
905 906 0
906 907 0
907 908 0
908 909 0
909 910 0
910 911 0
911 912 0
912 913 0
913 914 0
914 915 0
915 916 0
916 917 0
917 918 0
918 919 0
919 920 0
920 921 0
921 922 0
922 923 0
923 924 0
924 925 0
925 926 0
926 927 0
927 928 0
928 929 0
929 930 0
930 931 0
931 932 0
932 933 0
933 934 0
934 935 0
935 936 0
936 937 0
937 938 0
938 939 0
939 940 0
940 941 0
941 942 0
942 943 0
943 944 0
944 945 0
945 946 0
946 947 0
947 948 0
948 949 0
949 950 0
950 951 0
951 952 0
952 953 0
953 954 0
954 955 0
955 956 0
956 957 0
957 958 0
958 959 0
959 960 0
960 961 0
961 962 0
962 963 0
963 964 0
964 965 0
965 966 0
966 967 0
967 968 0
968 969 0
969 970 0
970 971 0
971 972 0
972 973 0
973 974 0
974 975 0
975 976 0
976 977 0
977 978 0
978 979 0
979 980 0
980 981 0
981 982 0
982 983 0
983 984 0
984 985 0
985 986 0
986 987 0
987 988 0
988 989 0
989 990 0
990 991 0
991 992 0
992 993 0
993 994 0
994 995 0
995 996 0
996 997 0
997 998 0
998 999 0
999 1000 0
1000 1001 0
1001 1002 0
1002 1003 0
1003 1004 0
1004 1005 0
1005 1006 0
1006 1007 0
1007 1008 0
1008 1009 0
1009 1010 0
1010 1011 0
1011 1012 0
1012 1013 0
1013 1014 0
1014 1015 0
1015 1016 0
1016 1017 0
1017 1018 0
1018 1019 0
1019 1020 0
1020 1021 0
1021 1022 0
1022 1023 0
1023 1024 0
1024 1025 0
1025 1026 0
1026 1027 0
1027 1028 0
1028 1029 0
1029 1030 0
1030 1031 0
1031 1032 0
1032 1033 0
1033 1034 0
1034 1035 0
1035 1036 0
1036 1037 0
1037 1038 0
1038 1039 0
1039 1040 0
1040 1041 0
1041 1042 0
1042 1043 0
1043 1044 0
1044 1045 0
1045 1046 0
1046 1047 0
1047 1048 0
1048 1049 0
1049 1050 0
1050 1051 0
1051 1052 0
1052 1053 0
1053 1054 0
1054 1055 0
1055 1056 0
1056 1057 0
1057 1058 0
1058 1059 0
1059 1060 0
1060 1061 0
1061 1062 0
1062 1063 0
1063 1064 0
1064 1065 0
1065 1066 0
1066 1067 0
1067 1068 0
1068 1069 0
1069 1070 0
1070 1071 0
1071 1072 0
1072 1073 0
1073 1074 0
1074 1075 0
1075 1076 0
1076 1077 0
1077 1078 0
1078 1079 0
1079 1080 0
1080 1081 0
1081 1082 0
1082 1083 0
1083 1084 0
1084 1085 0
1085 1086 0
1086 1087 0
1087 1088 0
1088 1089 0
1089 1090 0
1090 1091 0
1091 1092 0
1092 1093 0
1093 1094 0
1094 1095 0
1095 1096 0
1096 1097 0
1097 1098 0
1098 1099 0
1099 1100 0
1100 1101 0
1101 1102 0
1102 1103 0
1103 1104 0
1104 1105 0
1105 1106 0
1106 1107 0
1107 1108 0
1108 1109 0
1109 1110 0
1110 1111 0
1111 1112 0
1112 1113 0
1113 1114 0
1114 1115 0
1115 1116 0
1116 1117 0
1117 1118 0
1118 1119 0
1119 1120 0
1120 1121 0
1121 1122 0
1122 1123 0
1123 1124 0
1124 1125 0
1125 1126 0
1126 1127 0
1127 1128 0
1128 1129 0
1129 1130 0
1130 1131 0
1131 1132 0
1132 1133 0
1133 1134 0
1134 1135 0
1135 1136 0
1136 1137 0
1137 1138 0
1138 1139 0
1139 1140 0
1140 1141 0
1141 1142 0
1142 1143 0
1143 1144 0
1144 1145 0
1145 1146 0
1146 1147 0
1147 1148 0
1148 1149 0
1149 1150 0
1150 1151 0
1151 1152 0
1152 1153 0
1153 1154 0
1154 1155 0
1155 1156 0
1156 1157 0
1157 1158 0
1158 1159 0
1159 1160 0
1160 1161 0
1161 1162 0
1162 1163 0
1163 1164 0
1164 1165 0
1165 1166 0
1166 1167 0
1167 1168 0
1168 1169 0
1169 1170 0
1170 1171 0
1171 1172 0
1172 1173 0
1173 1174 0
1174 1175 0
1175 1176 0
1176 1177 0
1177 1178 0
1178 1179 0
1179 1180 0
1180 1181 0
1181 1182 0
1182 1183 0
1183 1184 0
1184 1185 0
1185 1186 0
1186 1187 0
1187 1188 0
1188 1189 0
1189 1190 0
1190 1191 0
1191 1192 0
1192 1193 0
1193 1194 0
1194 1195 0
1195 1196 0
1196 1197 0
1197 1198 0
1198 1199 0
1199 1200 0
1200 1201 0
1201 1202 0
1202 1203 0
1203 1204 0
1204 1205 0
1205 1206 0
1206 1207 0
1207 1208 0
1208 1209 0
1209 1210 0
1210 1211 0
1211 1212 0
1212 1213 0
1213 1214 0
1214 1215 0
1215 1216 0
1216 1217 0
1217 1218 0
1218 1219 0
1219 1220 0
1220 1221 0
1221 1222 0
1222 1223 0
1223 1224 0
1224 1225 0
1225 1226 0
1226 1227 0
1227 1228 0
1228 1229 0
1229 1230 0
1230 1231 0
1231 1232 0
1232 1233 0
1233 1234 0
1234 1235 0
1235 1236 0
1236 1237 0
1237 1238 0
1238 1239 0
1239 1240 0
1240 1241 0
1241 1242 0
1242 1243 0
1243 1244 0
1244 1245 0
1245 1246 0
1246 1247 0
1247 1248 0
1248 1249 0
1249 1250 0
1250 1251 0
1251 1252 0
1252 1253 0
1253 1254 0
1254 1255 0
1255 1256 0
1256 1257 0
1257 1258 0
1258 1259 0
1259 1260 0
1260 1261 0
1261 1262 0
1262 1263 0
1263 1264 0
1264 1265 0
1265 1266 0
1266 1267 0
1267 1268 0
1268 1269 0
1269 1270 0
1270 1271 0
1271 1272 0
1272 1273 0
1273 1274 0
1274 1275 0
1275 1276 0
1276 1277 0
1277 1278 0
1278 1279 0
1279 1280 0
1280 1281 0
1281 1282 0
1282 1283 0
1283 1284 0
1284 1285 0
1285 1286 0
1286 1287 0
1287 1288 0
1288 1289 0
1289 1290 0
1290 1291 0
1291 1292 0
1292 1293 0
1293 1294 0
1294 1295 0
1295 1296 0
1296 1297 0
1297 1298 0
1298 1299 0
1299 1300 0
1300 1301 0
1301 1302 0
1302 1303 0
1303 1304 0
1304 1305 0
1305 1306 0
1306 1307 0
1307 1308 0
1308 1309 0
1309 1310 0
1310 1311 0
1311 1312 0
1312 1313 0
1313 1314 0
1314 1315 0
1315 1316 0
1316 1317 0
1317 1318 0
1318 1319 0
1319 1320 0
1320 1321 0
1321 1322 0
1322 1323 0
1323 1324 0
1324 1325 0
1325 1326 0
1326 1327 0
1327 1328 0
1328 1329 0
1329 1330 0
1330 1331 0
1331 1332 0
1332 1333 0
1333 1334 0
1334 1335 0
1335 1336 0
1336 1337 0
1337 1338 0
1338 1339 0
1339 1340 0
1340 1341 0
1341 1342 0
1342 1343 0
1343 1344 0
1344 1345 0
1345 1346 0
1346 1347 0
1347 1348 0
1348 1349 0
1349 1350 0
1350 1351 0
1351 1352 0
1352 1353 0
1353 1354 0
1354 1355 0
1355 1356 0
1356 1357 0
1357 1358 0
1358 1359 0
1359 1360 0
1360 1361 0
1361 1362 0
1362 1363 0
1363 1364 0
1364 1365 0
1365 1366 0
1366 1367 0
1367 1368 0
1368 1369 0
1369 1370 0
1370 1371 0
1371 1372 0
1372 1373 0
1373 1374 0
1374 1375 0
1375 1376 0
1376 1377 0
1377 1378 0
1378 1379 0
1379 1380 0
1380 1381 0
1381 1382 0
1382 1383 0
1383 1384 0
1384 1385 0
1385 1386 0
1386 1387 0
1387 1388 0
1388 1389 0
1389 1390 0
1390 1391 0
1391 1392 0
1392 1393 0
1393 1394 0
1394 1395 0
1395 1396 0
1396 1397 0
1397 1398 0
1398 1399 0
1399 1400 0
1400 1401 0
1401 1402 0
1402 1403 0
1403 1404 0
1404 1405 0
1405 1406 0
1406 1407 0
1407 1408 0
1408 1409 0
1409 1410 0
1410 1411 0
1411 1412 0
1412 1413 0
1413 1414 0
1414 1415 0
1415 1416 0
1416 1417 0
1417 1418 0
1418 1419 0
1419 1420 0
1420 1421 0
1421 1422 0
1422 1423 0
1423 1424 0
1424 1425 0
1425 1426 0
1426 1427 0
1427 1428 0
1428 1429 0
1429 1430 0
1430 1431 0
1431 1432 0
1432 1433 0
1433 1434 0
1434 1435 0
1435 1436 0
1436 1437 0
1437 1438 0
1438 1439 0
1439 1440 0
1440 1441 0
1441 1442 0
1442 1443 0
1443 1444 0
1444 1445 0
1445 1446 0
1446 1447 0
1447 1448 0
1448 1449 0
1449 1450 0
1450 1451 0
1451 1452 0
1452 1453 0
1453 1454 0
1454 1455 0
1455 1456 0
1456 1457 0
1457 1458 0
1458 1459 0
1459 1460 0
1460 1461 0
1461 1462 0
1462 1463 0
1463 1464 0
1464 1465 0
1465 1466 0
1466 1467 0
1467 1468 0
1468 1469 0
1469 1470 0
1470 1471 0
1471 1472 0
1472 1473 0
1473 1474 0
1474 1475 0
1475 1476 0
1476 1477 0
1477 1478 0
1478 1479 0
1479 1480 0
1480 1481 0
1481 1482 0
1482 1483 0
1483 1484 0
1484 1485 0
1485 1486 0
1486 1487 0
1487 1488 0
1488 1489 0
1489 1490 0
1490 1491 0
1491 1492 0
1492 1493 0
1493 1494 0
1494 1495 0
1495 1496 0
1496 1497 0
1497 1498 0
1498 1499 0
1499 1500 0
1500 1501 0
1501 1502 0
1502 1503 0
1503 1504 0
1504 1505 0
1505 1506 0
1506 1507 0
1507 1508 0
1508 1509 0
1509 1510 0
1510 1511 0
1511 1512 0
1512 1513 0
1513 1514 0
1514 1515 0
1515 1516 0
1516 1517 0
1517 1518 0
1518 1519 0
1519 1520 0
1520 1521 0
1521 1522 0
1522 1523 0
1523 1524 0
1524 1525 0
1525 1526 0
1526 1527 0
1527 1528 0
1528 1529 0
1529 1530 0
1530 1531 0
1531 1532 0
1532 1533 0
1533 1534 0
1534 1535 0
1535 1536 0
1536 1537 0
1537 1538 0
1538 1539 0
1539 1540 0
1540 1541 0
1541 1542 0
1542 1543 0
1543 1544 0
1544 1545 0
1545 1546 0
1546 1547 0
1547 1548 0
1548 1549 0
1549 1550 0
1550 1551 0
1551 1552 0
1552 1553 0
1553 1554 0
1554 1555 0
1555 1556 0
1556 1557 0
1557 1558 0
1558 1559 0
1559 1560 0
1560 1561 0
1561 1562 0
1562 1563 0
1563 1564 0
1564 1565 0
1565 1566 0
1566 1567 0
1567 1568 0
1568 1569 0
1569 1570 0
1570 1571 0
1571 1572 0
1572 1573 0
1573 1574 0
1574 1575 0
1575 1576 0
1576 1577 0
1577 1578 0
1578 1579 0
1579 1580 0
1580 1581 0
1581 1582 0
1582 1583 0
1583 1584 0
1584 1585 0
1585 1586 0
1586 1587 0
1587 1588 0
1588 1589 0
1589 1590 0
1590 1591 0
1591 1592 0
1592 1593 0
1593 1594 0
1594 1595 0
1595 1596 0
1596 1597 0
1597 1598 0
1598 1599 0
1599 1600 0
1600 1601 0
1601 1602 0
1602 1603 0
1603 1604 0
1604 1605 0
1605 1606 0
1606 1607 0
1607 1608 0
1608 1609 0
1609 1610 0
1610 1611 0
1611 1612 0
1612 1613 0
1613 1614 0
1614 1615 0
1615 1616 0
1616 1617 0
1617 1618 0
1618 1619 0
1619 1620 0
1620 1621 0
1621 1622 0
1622 1623 0
1623 1624 0
1624 1625 0
1625 1626 0
1626 1627 0
1627 1628 0
1628 1629 0
1629 1630 0
1630 1631 0
1631 1632 0
1632 1633 0
1633 1634 0
1634 1635 0
1635 1636 0
1636 1637 0
1637 1638 0
1638 1639 0
1639 1640 0
1640 1641 0
1641 1642 0
1642 1643 0
1643 1644 0
1644 1645 0
1645 1646 0
1646 1647 0
1647 1648 0
1648 1649 0
1649 1650 0
1650 1651 0
1651 1652 0
1652 1653 0
1653 1654 0
1654 1655 0
1655 1656 0
1656 1657 0
1657 1658 0
1658 1659 0
1659 1660 0
1660 1661 0
1661 1662 0
1662 1663 0
1663 1664 0
1664 1665 0
1665 1666 0
1666 1667 0
1667 1668 0
1668 1669 0
1669 1670 0
1670 1671 0
1671 1672 0
1672 1673 0
1673 1674 0
1674 1675 0
1675 1676 0
1676 1677 0
1677 1678 0
1678 1679 0
1679 1680 0
1680 1681 0
1681 1682 0
1682 1683 0
1683 1684 0
1684 1685 0
1685 1686 0
1686 1687 0
1687 1688 0
1688 1689 0
1689 1690 0
1690 1691 0
1691 1692 0
1692 1693 0
1693 1694 0
1694 1695 0
1695 1696 0
1696 1697 0
1697 1698 0
1698 1699 0
1699 1700 0
1700 1701 0
1701 1702 0
1702 1703 0
1703 1704 0
1704 1705 0
1705 1706 0
1706 1707 0
1707 1708 0
1708 1709 0
1709 1710 0
1710 1711 0
1711 1712 0
1712 1713 0
1713 1714 0
1714 1715 0
1715 1716 0
1716 1717 0
1717 1718 0
1718 1719 0
1719 1720 0
1720 1721 0
1721 1722 0
1722 1723 0
1723 1724 0
1724 1725 0
1725 1726 0
1726 1727 0
1727 1728 0
1728 1729 0
1729 1730 0
1730 1731 0
1731 1732 0
1732 1733 0
1733 1734 0
1734 1735 0
1735 1736 0
1736 1737 0
1737 1738 0
1738 1739 0
1739 1740 0
1740 1741 0
1741 1742 0
1742 1743 0
1743 1744 0
1744 1745 0
1745 1746 0
1746 1747 0
1747 1748 0
1748 1749 0
1749 1750 0
1750 1751 0
1751 1752 0
1752 1753 0
1753 1754 0
1754 1755 0
1755 1756 0
1756 1757 0
1757 1758 0
1758 1759 0
1759 1760 0
1760 1761 0
1761 1762 0
1762 1763 0
1763 1764 0
1764 1765 0
1765 1766 0
1766 1767 0
1767 1768 0
1768 1769 0
1769 1770 0
1770 1771 0
1771 1772 0
1772 1773 0
1773 1774 0
1774 1775 0
1775 1776 0
1776 1777 0
1777 1778 0
1778 1779 0
1779 1780 0
1780 1781 0
1781 1782 0
1782 1783 0
1783 1784 0
1784 1785 0
1785 1786 0
1786 1787 0
1787 1788 0
1788 1789 0
1789 1790 0
1790 1791 0
1791 1792 0
1792 1793 0
1793 1794 0
1794 1795 0
1795 1796 0
1796 1797 0
1797 1798 0
1798 1799 0
1799 1800 0
1800 1801 0
1801 1802 0
1802 1803 0
1803 1804 0
1804 1805 0
1805 1806 0
1806 1807 0
1807 1808 0
1808 1809 0
1809 1810 0
1810 1811 0
1811 1812 0
1812 1813 0
1813 1814 0
1814 1815 0
1815 1816 0
1816 1817 0
1817 1818 0
1818 1819 0
1819 1820 0
1820 1821 0
701 176 0
1099 1526 0
1620 1787 0
383 49 0
754 332 0
1215 8 0
1806 1073 0
351 1730 0
514 1348 0
383 326 0
129 876 0
1033 154 0
1434 1743 0
603 1688 0
1469 1409 0
135 148 0
1585 1033 0
1473 1183 0
998 35 0
1031 1751 0
166 424 0
1558 150 0
1296 1709 0
1680 1809 0
1035 241 0
114 1163 0
917 1146 0
1317 529 0
867 1719 0
395 314 0
1306 529 0
462 1069 0
1362 1734 0
230 538 0
1568 1260 0
268 1534 0
1483 4 0
1683 958 0
1512 1341 0
745 726 0
1382 658 0
67 477 0
1803 1183 0
805 849 0
1080 1199 0
1162 565 0
1527 1423 0
1433 1067 0
1136 1663 0
1405 882 0
901 1472 0
594 563 0
1275 256 0
1320 966 0
1396 43 0
1691 756 0
701 1557 0
1032 482 0
919 15 0
1130 177 0
1013 271 0
541 719 0
1693 153 0
1585 807 0
1615 968 0
1489 494 0
618 61 0
856 72 0
116 354 0
837 1512 0
197 706 0
246 897 0
241 1278 0
1378 1159 0
1292 687 0
1136 484 0
757 1476 0
1002 428 0
1428 565 0
1235 1221 0
1533 902 0
1515 129 0
962 549 0
200 878 0
903 836 0
568 899 0
1341 813 0
1795 1582 0
69 1151 0
919 1361 0
1637 33 0
1644 572 0
1509 624 0
1000 1115 0
1188 413 0
315 899 0
1114 8 0
828 54 0
556 1027 0
931 1258 0
42 1298 0
335 1382 0
90 108 0
942 158 0
1259 1661 0
1318 874 0
1693 940 0
1446 1180 0
1563 424 0
274 930 0
636 588 0
1628 1749 0
395 634 0
1602 750 0
1461 512 0
187 1302 0
1609 321 0
662 1498 0
229 1604 0
1656 1287 0
1443 952 0
339 1114 0
71 1584 0
473 1433 0
186 746 0
541 821 0
1133 148 0
548 1527 0
781 129 0
455 220 0
640 441 0
1521 227 0
562 162 0
1725 790 0
1765 1359 0
55 1186 0
489 393 0
478 359 0
156 750 0
1792 141 0
1495 311 0
962 606 0
458 1309 0
311 1239 0
1437 566 0
1258 55 0
806 958 0
282 1367 0
1119 1806 0
135 862 0
1343 189 0
226 10 0
382 503 0
169 337 0
1253 139 0
477 726 0
449 1238 0
1132 907 0
726 1242 0
124 141 0
1807 1381 0
1817 592 0
317 77 0
1758 1235 0
61 72 0
275 1403 0
60 300 0
1212 241 0
603 1380 0
577 1655 0
1318 854 0
359 1767 0
270 1490 0
652 795 0
911 775 0
936 696 0
134 931 0
1287 251 0
1007 1224 0
1485 867 0
1095 1560 0
448 954 0
1659 1459 0
1195 440 0
1018 1571 0
273 314 0
603 432 0
259 873 0
100 710 0
1667 1010 0
1284 581 0
1706 1418 0
1311 971 0
1668 296 0
173 1131 0
1162 1267 0
869 1409 0
200 507 0
1047 1394 0
946 43 0
943 1019 0
356 1546 0
1450 415 0
397 1549 0
1124 42 0
538 587 0
623 222 0
1804 112 0
992 1450 0
408 1165 0
759 1369 0
610 1428 0
957 809 0
113 182 0
181 858 0
24 1124 0
55 379 0
648 1304 0
593 1044 0
832 1717 0
1085 1369 0
282 1507 0
1390 264 0
1419 560 0
1713 1626 0
1724 450 0
1173 313 0
56 308 0
921 168 0
289 1102 0
1026 312 0
204 880 0
491 651 0
363 1083 0
1694 1194 0
778 757 0
541 1059 0
443 109 0
1122 1661 0
468 1013 0
1465 371 0
1463 816 0
483 1318 0
924 1403 0
1486 1212 0
483 490 0
1324 686 0
1369 1614 0
1336 1531 0
675 1008 0
903 1453 0
1765 1243 0
490 186 0
1351 1612 0
25 1819 0
603 1489 0
168 244 0
283 650 0
1562 1206 0
231 1026 0
397 714 0
1515 1520 0
1199 862 0
1312 514 0
572 165 0
1321 1274 0
1417 1064 0
696 86 0
1249 25 0
1497 1073 0
1643 278 0
540 1610 0
322 623 0
438 1683 0
7 469 0
687 203 0
982 180 0
1722 159 0
1041 1012 0
472 1412 0
977 1793 0
665 572 0
1035 1360 0
457 263 0
1184 132 0
1135 806 0
210 1675 0
594 331 0
476 1032 0
192 282 0
1300 878 0
485 460 0
1057 185 0
418 76 0
997 890 0
1488 152 0
861 331 0
523 1695 0
1490 980 0
136 652 0
911 1271 0
1457 920 0
924 230 0
1250 1199 0
1061 1241 0
1480 539 0
97 1764 0
798 953 0
1749 1015 0
1029 924 0
83 495 0
875 743 0
625 1397 0
417 93 0
355 552 0
744 1266 0
1622 380 0
164 524 0
409 1414 0
1722 1469 0
633 1181 0
1807 730 0
1123 583 0
1682 850 0
1597 689 0
1773 1480 0
1183 826 0
201 1607 0
202 617 0
1699 556 0
969 422 0
1821 569 0
601 1785 0
1093 1009 0
1377 793 0
456 1809 0
152 241 0
717 1075 0
623 578 0
103 198 0
1066 1676 0
1677 428 0
480 57 0
13 681 0
473 1712 0
1237 1441 0
312 1036 0
189 712 0
999 1281 0
1720 354 0
252 154 0
342 204 0
394 858 0
1278 816 0
1235 1180 0
1013 480 0
1034 669 0
907 1514 0
525 919 0
173 997 0
609 1209 0
617 720 0
424 805 0
1431 1222 0
64 1129 0
1376 115 0
1282 1517 0
318 1475 0
553 1395 0
469 1788 0
754 1482 0
446 1587 0
329 1152 0
1079 853 0
49 1252 0
1649 658 0
639 444 0
1177 862 0
1048 787 0
63 911 0
1715 1438 0
1026 1176 0
1133 1143 0
829 1685 0
517 1098 0
1451 1070 0
558 75 0
835 886 0
1226 93 0
1538 1075 0
1144 1365 0
1732 1582 0
1609 887 0
623 835 0
1473 685 0
1746 1367 0
101 750 0
721 1033 0
1692 1349 0
896 387 0
425 526 0
1456 982 0
400 270 0
46 1426 0
362 1383 0
679 1505 0
927 389 0
1265 714 0
1275 1687 0
1348 927 0
350 1072 0
472 250 0
1621 992 0
1282 1492 0
319 357 0
1678 744 0
682 1113 0
1725 1081 0
1382 1571 0
485 1543 0
1132 1163 0
1026 37 0
1551 269 0
550 1005 0
1756 77 0
1731 284 0
1148 381 0
534 948 0
1172 1615 0
418 1490 0
150 74 0
412 631 0
1186 316 0
1512 546 0
65 175 0
267 996 0
1338 1092 0
1033 867 0
1361 1582 0
50 1295 0
1658 1780 0
1378 785 0
139 1711 0
1532 1310 0
1505 1749 0
979 1454 0
1 1190 0
64 1187 0
1505 1575 0
1532 1369 0
1549 1599 0
544 865 0
869 1376 0
1732 208 0
1136 1781 0
