1 1 1
2 2 1
3 3 1
4 4 1
5 5 1
6 6 1
7 7 1
8 8 1
9 9 1
10 10 1
11 11 1
12 12 1
13 13 1
14 14 1
15 15 1
16 16 1
17 17 1
18 18 1
19 19 1
20 20 1
21 21 1
22 22 1
23 23 1
24 24 1
25 25 1
26 26 1
27 27 1
28 28 1
29 29 1
30 30 1
31 31 1
32 32 1
33 33 1
34 34 1
35 35 1
36 36 1
37 37 1
38 38 1
39 39 1
40 40 1
41 41 1
42 42 1
43 43 1
44 44 1
45 45 1
46 46 1
47 47 1
48 48 1
49 49 1
50 50 1
51 51 1
52 52 1
53 53 1
54 54 1
55 55 1
56 56 1
57 57 1
58 58 1
59 59 1
60 60 1
61 61 1
62 62 1
63 63 1
64 64 1
65 65 1
66 66 1
67 67 1
68 68 1
69 69 1
70 70 1
71 71 1
72 72 1
73 73 1
74 74 1
75 75 1
76 76 1
77 77 1
78 78 1
79 79 1
80 80 1
81 81 1
82 82 1
83 83 1
84 84 1
85 85 1
86 86 1
87 87 1
88 88 1
89 89 1
90 90 1
91 91 1
92 92 1
93 93 1
94 94 1
95 95 1
96 96 1
97 97 1
98 98 1
99 99 1
100 100 1
101 101 1
102 102 1
103 103 1
104 104 1
105 105 1
106 106 1
107 107 1
108 108 1
109 109 1
110 110 1
111 111 1
112 112 1
113 113 1
114 114 1
1 2 0
2 3 0
3 4 0
4 5 0
5 6 0
6 7 0
7 8 0
8 9 0
9 10 0
10 11 0
11 12 0
12 13 0
13 14 0
14 15 0
15 16 0
16 17 0
17 18 0
18 19 0
19 20 0
20 21 0
21 22 0
22 23 0
23 24 0
24 25 0
25 26 0
26 27 0
27 28 0
28 29 0
29 30 0
30 31 0
31 32 0
32 33 0
33 34 0
34 35 0
35 36 0
36 37 0
37 38 0
38 39 0
39 40 0
40 41 0
41 42 0
42 43 0
43 44 0
44 45 0
45 46 0
46 47 0
47 48 0
48 49 0
49 50 0
50 51 0
51 52 0
52 53 0
53 54 0
54 55 0
55 56 0
56 57 0
57 58 0
58 59 0
59 60 0
60 61 0
61 62 0
62 63 0
63 64 0
64 65 0
65 66 0
66 67 0
67 68 0
68 69 0
69 70 0
70 71 0
71 72 0
72 73 0
73 74 0
74 75 0
75 76 0
76 77 0
77 78 0
78 79 0
79 80 0
80 81 0
81 82 0
82 83 0
83 84 0
84 85 0
85 86 0
86 87 0
87 88 0
88 89 0
89 90 0
90 91 0
91 92 0
92 93 0
93 94 0
94 95 0
95 96 0
96 97 0
97 98 0
98 99 0
99 100 0
100 101 0
101 102 0
102 103 0
103 104 0
104 105 0
105 106 0
106 107 0
107 108 0
108 109 0
109 110 0
110 111 0
111 112 0
112 113 0
113 114 0
98 35 0
4 80 0
30 104 0
11 31 0
22 8 0
21 86 0
21 68 0
78 11 0
103 37 0
101 29 0
30 111 0
28 70 0
27 51 0
45 8 0
44 2 0
102 43 0
37 7 0
24 82 0
110 35 0
14 17 0
58 34 0
4 78 0
3 98 0
36 91 0
36 65 0
104 63 0
21 16 0
15 81 0
23 74 0
