1 1 1
2 2 1
3 3 1
4 4 1
5 5 1
6 6 1
7 7 1
8 8 1
9 9 1
10 10 1
11 11 1
12 12 1
13 13 1
14 14 1
15 15 1
16 16 1
17 17 1
18 18 1
19 19 1
20 20 1
21 21 1
22 22 1
23 23 1
24 24 1
25 25 1
26 26 1
27 27 1
28 28 1
29 29 1
30 30 1
31 31 1
32 32 1
33 33 1
34 34 1
35 35 1
36 36 1
37 37 1
38 38 1
39 39 1
40 40 1
41 41 1
42 42 1
43 43 1
44 44 1
45 45 1
46 46 1
47 47 1
48 48 1
49 49 1
50 50 1
51 51 1
52 52 1
53 53 1
54 54 1
55 55 1
56 56 1
57 57 1
58 58 1
59 59 1
60 60 1
61 61 1
62 62 1
63 63 1
64 64 1
65 65 1
66 66 1
67 67 1
68 68 1
69 69 1
70 70 1
71 71 1
72 72 1
73 73 1
74 74 1
75 75 1
76 76 1
77 77 1
78 78 1
79 79 1
80 80 1
81 81 1
82 82 1
83 83 1
84 84 1
85 85 1
86 86 1
87 87 1
88 88 1
89 89 1
90 90 1
91 91 1
92 92 1
93 93 1
94 94 1
95 95 1
96 96 1
97 97 1
98 98 1
99 99 1
100 100 1
1 2 0
2 3 0
3 4 0
4 5 0
5 6 0
6 7 0
7 8 0
8 9 0
9 10 0
10 11 0
11 12 0
12 13 0
13 14 0
14 15 0
15 16 0
16 17 0
17 18 0
18 19 0
19 20 0
20 21 0
21 22 0
22 23 0
23 24 0
24 25 0
25 26 0
26 27 0
27 28 0
28 29 0
29 30 0
30 31 0
31 32 0
32 33 0
33 34 0
34 35 0
35 36 0
36 37 0
37 38 0
38 39 0
39 40 0
40 41 0
41 42 0
42 43 0
43 44 0
44 45 0
45 46 0
46 47 0
47 48 0
48 49 0
49 50 0
50 51 0
51 52 0
52 53 0
53 54 0
54 55 0
55 56 0
56 57 0
57 58 0
58 59 0
59 60 0
60 61 0
61 62 0
62 63 0
63 64 0
64 65 0
65 66 0
66 67 0
67 68 0
68 69 0
69 70 0
70 71 0
71 72 0
72 73 0
73 74 0
74 75 0
75 76 0
76 77 0
77 78 0
78 79 0
79 80 0
80 81 0
81 82 0
82 83 0
83 84 0
84 85 0
85 86 0
86 87 0
87 88 0
88 89 0
89 90 0
90 91 0
91 92 0
92 93 0
93 94 0
94 95 0
95 96 0
96 97 0
97 98 0
98 99 0
99 100 0
38 68 0
52 92 0
82 60 0
67 46 0
36 59 0
31 24 0
19 100 0
4 77 0
56 50 0
16 83 0
65 73 0
87 61 0
41 54 0
98 35 0
21 29 0
95 71 0
69 44 0
3 57 0
43 79 0
44 33 0
90 92 0
86 98 0
27 83 0
54 1 0
2 9 0
4 41 0
85 77 0
81 60 0
6 84 0
90 4 0
98 82 0
11 30 0
39 6 0
22 36 0
49 93 0
55 57 0
100 38 0
10 18 0
42 67 0
34 92 0
34 2 0
42 98 0
96 21 0
60 50 0
65 50 0
88 58 0
97 19 0
93 6 0
21 41 0
90 93 0
9 46 0
21 81 0
36 20 0
85 4 0
30 46 0
86 92 0
29 91 0
89 66 0
41 32 0
57 95 0
78 71 0
26 52 0
5 39 0
7 48 0
82 1 0
73 14 0
45 90 0
63 13 0
52 46 0
34 36 0
46 23 0
47 56 0
82 28 0
24 70 0
4 25 0
1 60 0
94 66 0
62 35 0
80 31 0
49 79 0
71 7 0
43 50 0
30 21 0
3 66 0
72 55 0
93 55 0
2 15 0
73 88 0
45 80 0
7 16 0
72 5 0
87 70 0
70 11 0
76 26 0
3 41 0
29 8 0
48 51 0
95 42 0
36 2 0
59 38 0
63 77 0
51 23 0
13 75 0
27 56 0
58 43 0
89 21 0
8 37 0
39 56 0
57 91 0
13 36 0
67 24 0
37 51 0
16 44 0
77 46 0
69 50 0
1 61 0
92 69 0
60 55 0
25 78 0
62 56 0
91 45 0
50 71 0
38 56 0
39 9 0
41 67 0
4 23 0
88 65 0
10 26 0
16 50 0
73 81 0
47 77 0
93 33 0
83 2 0
66 19 0
76 53 0
56 93 0
50 38 0
85 87 0
65 92 0
15 77 0
77 61 0
59 29 0
83 10 0
10 51 0
100 58 0
61 42 0
78 50 0
29 13 0
41 56 0
99 83 0
51 28 0
24 81 0
4 70 0
3 38 0
8 59 0
78 85 0
84 60 0
70 75 0
75 33 0
1 38 0
81 41 0
25 15 0
51 80 0
68 52 0
93 85 0
78 32 0
54 26 0
78 1 0
23 30 0
31 10 0
66 86 0
28 45 0
14 31 0
57 55 0
84 47 0
62 3 0
12 52 0
12 92 0
46 33 0
46 63 0
94 100 0
87 59 0
27 99 0
4 49 0
16 42 0
2 85 0
50 56 0
8 62 0
62 98 0
65 87 0
54 39 0
60 27 0
43 76 0
64 6 0
75 93 0
19 49 0
28 79 0
2 53 0
47 55 0
23 100 0
89 60 0
76 4 0
69 17 0
50 3 0
24 86 0
22 52 0
14 59 0
63 10 0
58 30 0
79 37 0
38 34 0
39 87 0
76 86 0
23 64 0
56 38 0
50 94 0
28 56 0
99 34 0
96 78 0
89 12 0
31 92 0
87 42 0
97 29 0
36 35 0
79 39 0
22 10 0
76 48 0
25 80 0
53 61 0
67 82 0
44 75 0
76 23 0
23 42 0
100 18 0
26 30 0
44 43 0
79 38 0
94 29 0
55 1 0
62 42 0
78 23 0
18 45 0
63 1 0
20 41 0
93 59 0
8 4 0
51 96 0
21 18 0
22 18 0
30 55 0
48 88 0
49 15 0
22 72 0
28 2 0
10 6 0
46 56 0
29 18 0
13 69 0
60 75 0
19 31 0
96 65 0
83 47 0
9 7 0
41 25 0
82 97 0
13 90 0
43 4 0
15 24 0
27 43 0
93 84 0
15 40 0
91 3 0
69 20 0
93 7 0
71 17 0
32 4 0
63 18 0
16 74 0
93 9 0
29 2 0
41 50 0
25 8 0
21 6 0
45 7 0
3 35 0
65 13 0
14 84 0
39 1 0
61 79 0
28 10 0
86 5 0
50 28 0
44 85 0
97 31 0
64 70 0
60 31 0
66 89 0
90 43 0
22 42 0
33 89 0
26 23 0
81 90 0
27 60 0
35 27 0
46 95 0
30 86 0
69 47 0
100 98 0
98 49 0
2 36 0
65 7 0
37 61 0
12 11 0
8 25 0
28 24 0
42 44 0
50 42 0
27 40 0
71 22 0
69 64 0
55 53 0
22 75 0
22 59 0
98 86 0
64 53 0
9 23 0
38 96 0
99 44 0
19 81 0
50 59 0
61 29 0
74 4 0
98 62 0
55 80 0
97 44 0
63 98 0
64 16 0
90 49 0
69 74 0
1 82 0
60 54 0
21 52 0
88 37 0
50 86 0
45 32 0
81 22 0
60 20 0
48 26 0
11 17 0
13 6 0
54 71 0
28 59 0
1 43 0
33 66 0
45 21 0
75 29 0
60 92 0
87 41 0
31 27 0
85 1 0
74 28 0
11 52 0
91 54 0
51 75 0
5 79 0
49 34 0
36 42 0
35 82 0
27 88 0
37 10 0
76 7 0
13 37 0
22 14 0
95 43 0
73 28 0
98 10 0
47 72 0
81 23 0
73 62 0
28 83 0
41 91 0
80 7 0
44 77 0
78 73 0
44 42 0
82 85 0
69 5 0
54 97 0
48 74 0
24 33 0
93 32 0
26 79 0
64 39 0
53 20 0
61 57 0
85 33 0
16 11 0
96 22 0
37 86 0
91 43 0
76 75 0
88 12 0
50 81 0
27 30 0
89 43 0
17 63 0
75 45 0
60 43 0
63 48 0
46 55 0
60 19 0
85 17 0
70 43 0
54 9 0
3 9 0
21 70 0
10 97 0
48 22 0
24 29 0
76 57 0
64 62 0
53 52 0
11 14 0
34 39 0
95 87 0
16 49 0
82 93 0
91 36 0
46 60 0
100 68 0
27 77 0
59 36 0
25 55 0
15 95 0
15 23 0
14 97 0
1 62 0
78 97 0
13 51 0
98 47 0
84 53 0
58 5 0
16 68 0
97 27 0
28 81 0
4 22 0
20 16 0
77 35 0
43 40 0
96 8 0
67 44 0
55 61 0
6 69 0
94 42 0
83 92 0
38 36 0
30 93 0
80 15 0
64 42 0
11 93 0
37 53 0
52 3 0
75 87 0
5 54 0
66 77 0
23 85 0
53 9 0
22 71 0
98 58 0
67 73 0
65 28 0
10 61 0
91 24 0
96 84 0
72 96 0
81 79 0
26 3 0
77 45 0
72 4 0
86 39 0
32 72 0
34 70 0
40 20 0
85 78 0
42 22 0
5 70 0
88 29 0
100 60 0
26 95 0
80 73 0
92 68 0
26 38 0
10 63 0
57 87 0
64 26 0
90 73 0
79 33 0
33 26 0
66 64 0
30 85 0
80 19 0
78 86 0
37 16 0
51 48 0
19 30 0
60 4 0
11 18 0
29 5 0
29 41 0
48 11 0
15 34 0
99 37 0
71 11 0
57 22 0
40 81 0
17 60 0
74 36 0
19 38 0
86 72 0
90 65 0
40 38 0
24 63 0
68 46 0
28 89 0
26 25 0
47 62 0
7 22 0
67 5 0
65 9 0
78 38 0
98 94 0
9 89 0
44 39 0
97 85 0
58 50 0
80 48 0
84 86 0
61 31 0
73 59 0
61 71 0
72 10 0
24 34 0
96 89 0
37 28 0
21 90 0
84 40 0
72 15 0
7 70 0
19 32 0
15 89 0
57 25 0
49 26 0
65 17 0
14 96 0
49 27 0
9 14 0
62 73 0
5 16 0
24 21 0
33 52 0
3 75 0
30 16 0
56 68 0
96 13 0
80 29 0
19 28 0
47 30 0
64 13 0
47 82 0
33 76 0
28 27 0
69 85 0
6 91 0
29 90 0
28 47 0
77 69 0
3 45 0
43 14 0
63 79 0
22 100 0
90 28 0
2 99 0
16 63 0
28 49 0
53 26 0
14 86 0
70 100 0
22 34 0
3 100 0
83 13 0
32 96 0
93 17 0
62 58 0
69 37 0
29 81 0
76 59 0
62 31 0
9 36 0
19 56 0
6 79 0
89 19 0
34 79 0
58 42 0
54 59 0
22 67 0
77 89 0
43 97 0
19 53 0
61 14 0
67 22 0
51 56 0
48 36 0
95 66 0
29 11 0
20 2 0
60 57 0
61 17 0
57 88 0
50 77 0
62 91 0
50 6 0
35 17 0
78 60 0
71 65 0
52 26 0
37 96 0
22 61 0
66 52 0
18 38 0
43 86 0
24 62 0
68 88 0
59 87 0
85 16 0
55 58 0
69 94 0
57 66 0
80 20 0
20 4 0
37 62 0
32 16 0
35 75 0
83 49 0
87 13 0
6 35 0
86 21 0
49 21 0
45 37 0
50 41 0
31 100 0
65 44 0
29 57 0
75 51 0
71 62 0
9 17 0
32 57 0
77 93 0
49 17 0
62 66 0
3 80 0
25 57 0
33 79 0
51 66 0
66 31 0
83 14 0
37 82 0
59 46 0
66 80 0
97 13 0
56 45 0
55 8 0
84 17 0
87 91 0
100 99 0
68 31 0
1 3 0
30 81 0
14 74 0
75 39 0
40 51 0
76 40 0
7 18 0
67 94 0
71 48 0
2 68 0
79 29 0
98 25 0
94 65 0
25 48 0
68 87 0
45 20 0
35 84 0
33 41 0
68 35 0
54 25 0
18 72 0
32 2 0
36 26 0
100 59 0
45 95 0
16 70 0
78 22 0
87 97 0
89 85 0
12 84 0
22 45 0
24 1 0
34 58 0
32 49 0
57 79 0
100 2 0
86 16 0
72 45 0
69 68 0
50 78 0
10 54 0
35 59 0
58 23 0
98 42 0
60 82 0
98 66 0
18 21 0
72 94 0
4 90 0
81 39 0
100 29 0
89 44 0
30 62 0
77 23 0
77 47 0
49 96 0
47 57 0
61 85 0
19 89 0
43 51 0
99 53 0
36 57 0
54 24 0
74 59 0
77 92 0
19 77 0
53 27 0
82 17 0
21 58 0
82 33 0
96 40 0
51 59 0
75 37 0
29 36 0
13 48 0
35 54 0
7 19 0
87 2 0
9 57 0
3 76 0
3 83 0
18 16 0
30 68 0
62 45 0
37 85 0
47 18 0
29 82 0
52 25 0
95 80 0
57 84 0
38 32 0
64 35 0
6 72 0
9 90 0
28 42 0
64 12 0
7 44 0
34 94 0
79 68 0
19 68 0
20 24 0
42 76 0
64 41 0
57 75 0
53 41 0
37 67 0
11 86 0
8 57 0
72 54 0
28 52 0
79 56 0
47 7 0
31 59 0
92 95 0
88 77 0
51 84 0
61 3 0
2 1 0
100 88 0
74 76 0
42 3 0
69 2 0
59 32 0
6 76 0
36 7 0
37 39 0
80 32 0
34 45 0
54 5 0
75 11 0
56 25 0
56 12 0
22 2 0
49 61 0
61 18 0
54 36 0
14 1 0
91 98 0
88 90 0
27 29 0
23 5 0
60 65 0
48 91 0
68 1 0
15 1 0
47 11 0
59 56 0
12 73 0
48 44 0
28 26 0
80 46 0
3 70 0
12 21 0
17 71 0
100 72 0
16 93 0
19 2 0
87 82 0
14 99 0
34 19 0
2 35 0
63 33 0
91 64 0
4 68 0
49 18 0
33 97 0
86 14 0
74 87 0
30 59 0
67 15 0
27 98 0
34 26 0
64 55 0
83 29 0
37 20 0
20 97 0
11 81 0
49 45 0
66 21 0
8 87 0
38 4 0
54 85 0
70 98 0
58 20 0
73 20 0
36 98 0
98 70 0
25 77 0
59 15 0
26 29 0
38 19 0
39 37 0
89 42 0
30 76 0
79 44 0
49 83 0
55 18 0
35 32 0
87 21 0
9 68 0
1 95 0
65 58 0
84 14 0
95 90 0
3 92 0
62 71 0
84 2 0
20 57 0
19 60 0
81 1 0
48 42 0
59 42 0
50 69 0
22 47 0
76 13 0
16 2 0
97 52 0
67 61 0
53 76 0
11 78 0
18 24 0
49 76 0
78 72 0
56 59 0
82 31 0
86 74 0
54 77 0
32 69 0
44 90 0
61 51 0
5 32 0
52 44 0
84 99 0
80 30 0
73 57 0
76 31 0
18 15 0
95 78 0
2 45 0
100 52 0
43 91 0
16 97 0
47 69 0
61 1 0
86 40 0
65 3 0
32 100 0
49 68 0
37 100 0
47 23 0
89 62 0
81 38 0
20 30 0
59 14 0
77 58 0
50 14 0
49 14 0
76 18 0
57 21 0
47 93 0
76 16 0
95 99 0
29 100 0
9 73 0
66 37 0
92 60 0
51 61 0
58 70 0
41 10 0
100 94 0
69 3 0
64 78 0
21 95 0
1 30 0
78 6 0
40 63 0
42 68 0
67 86 0
35 14 0
48 99 0
68 3 0
94 23 0
46 51 0
77 42 0
48 46 0
83 98 0
70 58 0
64 9 0
28 25 0
55 48 0
3 63 0
20 98 0
96 16 0
96 41 0
4 58 0
15 58 0
82 13 0
81 80 0
16 41 0
17 25 0
26 67 0
2 26 0
44 67 0
87 46 0
22 4 0
18 33 0
14 75 0
54 56 0
40 45 0
80 18 0
55 38 0
62 20 0
27 53 0
2 30 0
67 95 0
92 54 0
82 32 0
26 15 0
56 91 0
4 11 0
63 74 0
52 37 0
34 52 0
22 33 0
9 81 0
54 72 0
38 91 0
35 69 0
82 22 0
54 69 0
58 63 0
89 93 0
89 3 0
41 3 0
68 75 0
46 35 0
52 47 0
80 40 0
74 61 0
10 12 0
98 56 0
10 72 0
84 3 0
65 36 0
49 30 0
55 74 0
32 78 0
72 74 0
34 46 0
27 67 0
52 66 0
3 48 0
35 52 0
5 50 0
31 20 0
1 98 0
15 21 0
5 10 0
64 28 0
80 52 0
49 48 0
93 1 0
9 3 0
46 70 0
61 87 0
95 53 0
62 21 0
68 70 0
58 28 0
77 48 0
10 15 0
32 58 0
29 16 0
58 26 0
64 86 0
31 96 0
46 61 0
74 16 0
63 46 0
12 27 0
57 23 0
6 94 0
51 7 0
17 61 0
35 86 0
49 19 0
86 80 0
31 89 0
63 3 0
14 71 0
76 81 0
81 24 0
61 95 0
40 89 0
72 86 0
69 41 0
98 29 0
3 78 0
35 57 0
74 52 0
42 100 0
56 71 0
15 25 0
63 27 0
29 1 0
22 35 0
43 74 0
42 47 0
31 21 0
57 50 0
54 80 0
66 3 0
16 5 0
64 93 0
15 65 0
31 98 0
20 56 0
51 36 0
26 20 0
2 19 0
92 79 0
84 73 0
49 80 0
81 83 0
73 43 0
22 13 0
22 20 0
30 60 0
65 30 0
45 23 0
4 76 0
36 44 0
9 50 0
71 96 0
83 18 0
32 53 0
77 41 0
86 13 0
93 29 0
100 81 0
27 34 0
21 77 0
86 62 0
62 8 0
9 64 0
83 50 0
20 49 0
8 44 0
83 45 0
94 25 0
37 60 0
100 62 0
72 25 0
61 28 0
68 81 0
26 60 0
78 5 0
66 59 0
93 18 0
76 62 0
18 64 0
90 5 0
36 79 0
77 49 0
91 53 0
96 24 0
58 68 0
37 65 0
94 60 0
61 41 0
35 40 0
29 92 0
74 8 0
46 31 0
100 39 0
67 13 0
89 80 0
83 81 0
61 5 0
45 31 0
94 90 0
30 65 0
6 78 0
58 8 0
77 66 0
30 9 0
20 22 0
57 5 0
30 29 0
52 85 0
1 75 0
19 11 0
52 71 0
19 70 0
2 97 0
69 8 0
23 58 0
58 98 0
84 89 0
23 79 0
5 15 0
24 36 0
12 76 0
26 11 0
80 72 0
44 93 0
38 45 0
56 78 0
2 92 0
91 32 0
89 98 0
82 58 0
45 82 0
52 4 0
66 10 0
8 21 0
15 30 0
23 9 0
22 19 0
78 47 0
42 77 0
44 59 0
86 15 0
16 13 0
47 76 0
27 75 0
56 73 0
42 1 0
62 12 0
64 8 0
16 57 0
80 63 0
57 96 0
99 15 0
43 73 0
35 83 0
37 31 0
8 14 0
98 48 0
95 64 0
76 11 0
96 82 0
68 12 0
28 67 0
79 11 0
13 8 0
43 16 0
49 32 0
45 68 0
19 43 0
65 26 0
9 1 0
32 79 0
26 13 0
15 7 0
79 70 0
46 88 0
49 66 0
15 79 0
17 46 0
10 69 0
57 26 0
46 69 0
87 16 0
53 48 0
10 43 0
24 67 0
15 60 0
78 30 0
73 63 0
31 26 0
69 91 0
48 6 0
76 50 0
45 100 0
34 29 0
27 9 0
16 51 0
88 34 0
95 15 0
27 22 0
59 99 0
50 10 0
91 61 0
100 45 0
68 65 0
38 12 0
50 55 0
75 6 0
90 75 0
65 15 0
61 47 0
3 67 0
97 58 0
66 68 0
81 33 0
81 70 0
51 15 0
79 15 0
62 54 0
43 17 0
2 6 0
32 41 0
25 51 0
49 54 0
88 33 0
11 16 0
53 15 0
47 91 0
10 88 0
34 12 0
10 47 0
69 22 0
73 16 0
38 53 0
40 31 0
67 57 0
44 38 0
40 13 0
26 9 0
87 92 0
41 45 0
81 53 0
38 44 0
99 78 0
96 43 0
78 33 0
43 8 0
1 74 0
24 41 0
36 62 0
100 16 0
46 38 0
78 40 0
62 27 0
29 83 0
31 73 0
80 55 0
12 1 0
65 5 0
77 5 0
6 36 0
72 43 0
26 33 0
75 92 0
44 36 0
2 43 0
30 27 0
80 64 0
28 100 0
16 77 0
1 66 0
56 83 0
22 78 0
95 100 0
19 16 0
39 27 0
35 55 0
32 80 0
57 28 0
20 62 0
71 8 0
58 10 0
72 24 0
70 95 0
59 25 0
90 54 0
34 21 0
53 98 0
39 84 0
53 5 0
72 21 0
26 21 0
19 35 0
81 96 0
35 85 0
27 2 0
20 45 0
18 23 0
86 67 0
34 11 0
89 17 0
44 96 0
23 61 0
70 67 0
4 93 0
19 34 0
26 42 0
70 16 0
13 72 0
61 24 0
42 88 0
44 23 0
56 65 0
66 33 0
11 38 0
70 97 0
67 65 0
10 73 0
46 94 0
52 9 0
86 82 0
31 69 0
75 50 0
56 20 0
94 18 0
60 79 0
18 22 0
3 15 0
81 30 0
23 35 0
42 59 0
24 92 0
94 78 0
99 59 0
64 57 0
37 98 0
13 41 0
7 71 0
39 46 0
8 63 0
46 87 0
47 5 0
12 65 0
44 56 0
32 83 0
15 81 0
15 47 0
1 69 0
97 53 0
10 79 0
47 8 0
29 86 0
77 9 0
67 69 0
84 10 0
45 34 0
16 99 0
91 76 0
90 82 0
13 63 0
88 3 0
18 9 0
4 80 0
10 84 0
1 42 0
86 18 0
6 14 0
82 72 0
68 95 0
70 68 0
20 7 0
36 50 0
16 81 0
61 30 0
20 79 0
79 52 0
35 43 0
20 96 0
95 22 0
2 98 0
23 81 0
87 75 0
12 56 0
90 42 0
92 25 0
17 21 0
61 39 0
1 6 0
72 71 0
49 41 0
96 10 0
77 14 0
38 55 0
41 60 0
18 12 0
97 80 0
39 43 0
61 72 0
64 4 0
52 38 0
81 97 0
79 3 0
98 11 0
9 100 0
68 7 0
16 3 0
10 83 0
91 85 0
6 11 0
88 32 0
93 70 0
65 45 0
23 7 0
34 22 0
42 7 0
39 42 0
20 11 0
24 16 0
54 61 0
16 61 0
57 12 0
75 30 0
24 13 0
52 72 0
28 80 0
20 58 0
61 38 0
60 74 0
19 65 0
69 93 0
54 3 0
73 2 0
35 1 0
25 50 0
34 62 0
23 59 0
48 53 0
7 30 0
67 42 0
45 4 0
44 50 0
59 70 0
42 45 0
91 75 0
83 35 0
16 7 0
57 68 0
21 5 0
79 32 0
48 2 0
43 20 0
71 16 0
47 51 0
61 68 0
33 93 0
82 100 0
73 93 0
24 68 0
39 96 0
52 89 0
92 73 0
79 67 0
99 90 0
58 27 0
52 96 0
91 50 0
22 30 0
70 63 0
18 43 0
62 67 0
6 68 0
25 39 0
57 82 0
38 81 0
91 41 0
81 74 0
40 84 0
23 48 0
39 77 0
59 21 0
44 35 0
98 64 0
57 46 0
98 85 0
3 16 0
12 10 0
99 17 0
23 50 0
84 29 0
18 11 0
45 87 0
47 80 0
78 8 0
30 70 0
90 38 0
21 86 0
97 51 0
3 22 0
76 54 0
17 97 0
88 19 0
24 100 0
75 71 0
1 63 0
25 2 0
44 62 0
98 16 0
77 98 0
50 100 0
81 17 0
80 79 0
15 100 0
78 14 0
49 88 0
22 37 0
4 35 0
94 73 0
13 71 0
69 38 0
61 56 0
58 33 0
16 4 0
48 17 0
93 45 0
70 14 0
92 86 0
30 87 0
96 95 0
56 61 0
20 87 0
56 97 0
59 55 0
2 82 0
14 64 0
54 22 0
29 99 0
7 24 0
22 98 0
40 52 0
16 32 0
83 52 0
59 52 0
35 74 0
87 76 0
1 88 0
28 73 0
15 8 0
96 83 0
62 76 0
99 23 0
97 17 0
88 4 0
78 4 0
58 15 0
55 72 0
93 91 0
9 40 0
71 44 0
41 66 0
1 90 0
7 93 0
93 56 0
84 1 0
42 63 0
56 79 0
25 20 0
17 52 0
9 71 0
64 27 0
50 92 0
82 27 0
82 81 0
18 27 0
99 70 0
51 30 0
88 25 0
7 17 0
9 34 0
95 2 0
67 2 0
41 64 0
81 9 0
99 81 0
42 9 0
12 98 0
89 79 0
86 38 0
46 91 0
93 50 0
22 95 0
94 58 0
13 93 0
72 37 0
12 15 0
22 16 0
24 89 0
44 94 0
90 26 0
66 17 0
88 60 0
37 9 0
43 37 0
74 29 0
9 18 0
44 92 0
21 31 0
74 88 0
37 2 0
50 32 0
98 68 0
11 10 0
80 41 0
85 18 0
42 89 0
15 20 0
31 39 0
84 34 0
97 66 0
59 89 0
60 78 0
64 38 0
100 32 0
79 55 0
25 3 0
69 31 0
28 9 0
8 17 0
75 22 0
57 86 0
11 94 0
36 87 0
100 65 0
59 79 0
44 60 0
16 71 0
53 70 0
24 15 0
7 49 0
68 48 0
11 75 0
89 96 0
88 85 0
88 62 0
63 41 0
62 14 0
39 70 0
49 60 0
24 49 0
85 38 0
4 97 0
67 10 0
27 78 0
40 95 0
16 39 0
44 5 0
56 31 0
40 69 0
91 48 0
40 61 0
47 83 0
28 85 0
5 97 0
51 83 0
34 87 0
75 79 0
47 84 0
77 88 0
57 80 0
78 45 0
77 17 0
98 69 0
72 85 0
47 54 0
96 64 0
72 80 0
6 71 0
34 31 0
14 95 0
46 27 0
42 56 0
71 55 0
23 62 0
14 39 0
19 64 0
74 51 0
48 73 0
47 97 0
62 36 0
84 39 0
14 89 0
56 64 0
94 41 0
11 73 0
89 49 0
59 67 0
88 63 0
34 57 0
48 61 0
33 55 0
68 9 0
4 42 0
83 53 0
25 5 0
68 27 0
44 72 0
27 55 0
29 20 0
72 58 0
52 100 0
97 89 0
97 74 0
80 100 0
97 92 0
13 73 0
26 8 0
22 58 0
67 79 0
16 76 0
63 80 0
38 22 0
50 20 0
29 25 0
7 58 0
80 27 0
62 38 0
55 29 0
30 37 0
68 80 0
100 26 0
45 24 0
38 7 0
27 41 0
85 3 0
15 37 0
93 25 0
38 74 0
94 91 0
46 34 0
50 40 0
37 44 0
80 83 0
74 22 0
21 11 0
87 52 0
79 54 0
58 75 0
60 100 0
69 30 0
14 79 0
2 75 0
65 82 0
14 55 0
11 19 0
10 41 0
12 63 0
21 12 0
17 99 0
29 47 0
10 95 0
74 32 0
34 47 0
51 73 0
71 60 0
76 71 0
90 60 0
33 51 0
55 98 0
80 66 0
51 17 0
96 85 0
32 36 0
30 96 0
96 4 0
39 15 0
24 47 0
72 64 0
15 13 0
94 13 0
22 15 0
12 85 0
77 20 0
66 73 0
95 33 0
84 88 0
44 47 0
31 41 0
71 51 0
76 34 0
88 38 0
42 15 0
2 38 0
60 8 0
84 70 0
55 19 0
79 88 0
75 59 0
74 6 0
33 20 0
25 14 0
100 47 0
90 30 0
50 47 0
79 18 0
33 24 0
49 40 0
26 35 0
36 9 0
30 73 0
43 83 0
98 79 0
88 74 0
24 72 0
23 67 0
45 53 0
89 65 0
13 43 0
26 46 0
45 13 0
98 41 0
16 47 0
25 64 0
73 64 0
54 13 0
28 46 0
3 73 0
63 71 0
81 50 0
77 79 0
78 57 0
56 66 0
53 36 0
61 69 0
13 82 0
80 11 0
61 82 0
59 1 0
75 90 0
91 4 0
67 21 0
27 35 0
94 67 0
30 95 0
47 35 0
33 11 0
97 43 0
27 79 0
97 12 0
41 78 0
92 89 0
61 44 0
60 9 0
73 40 0
84 32 0
2 12 0
85 98 0
12 43 0
99 86 0
84 81 0
39 33 0
97 39 0
55 82 0
32 67 0
28 17 0
12 99 0
63 30 0
99 92 0
95 48 0
74 41 0
4 89 0
96 80 0
3 23 0
72 56 0
92 2 0
42 99 0
73 1 0
82 42 0
95 30 0
77 97 0
7 6 0
87 1 0
33 27 0
28 87 0
99 5 0
55 4 0
10 87 0
69 81 0
50 70 0
3 62 0
1 15 0
60 17 0
19 84 0
41 84 0
47 38 0
92 91 0
30 75 0
86 31 0
95 57 0
58 35 0
35 65 0
89 27 0
18 6 0
6 63 0
31 47 0
30 25 0
52 55 0
43 11 0
79 78 0
79 16 0
19 46 0
93 66 0
93 80 0
92 97 0
23 43 0
4 63 0
67 56 0
87 33 0
82 94 0
46 98 0
20 39 0
76 30 0
80 68 0
9 13 0
27 15 0
93 10 0
6 53 0
90 98 0
72 32 0
93 40 0
5 99 0
71 26 0
36 23 0
74 60 0
44 10 0
58 16 0
7 65 0
55 88 0
72 42 0
34 17 0
39 79 0
82 75 0
72 84 0
91 7 0
74 54 0
5 92 0
58 2 0
30 90 0
22 91 0
40 90 0
37 93 0
40 79 0
80 89 0
73 15 0
29 51 0
41 89 0
83 11 0
63 4 0
48 64 0
55 100 0
95 83 0
9 99 0
53 32 0
33 68 0
22 5 0
97 83 0
9 15 0
68 2 0
88 31 0
50 16 0
38 37 0
88 97 0
22 86 0
37 91 0
56 26 0
63 95 0
68 26 0
49 5 0
11 36 0
40 22 0
70 47 0
95 5 0
33 77 0
40 42 0
78 54 0
21 30 0
67 72 0
60 28 0
56 88 0
83 71 0
36 24 0
92 13 0
40 53 0
27 21 0
9 65 0
9 29 0
83 27 0
40 18 0
95 52 0
8 81 0
52 24 0
69 45 0
75 3 0
56 49 0
43 96 0
33 60 0
48 1 0
17 24 0
40 10 0
62 1 0
18 73 0
96 37 0
39 72 0
35 76 0
54 6 0
74 35 0
24 37 0
75 98 0
75 25 0
75 64 0
95 84 0
40 50 0
88 82 0
38 82 0
93 100 0
11 100 0
49 85 0
48 96 0
48 72 0
78 53 0
30 13 0
12 36 0
39 65 0
77 26 0
16 26 0
22 39 0
88 76 0
1 54 0
14 4 0
79 65 0
64 99 0
83 56 0
79 72 0
89 11 0
43 59 0
39 58 0
90 11 0
74 25 0
72 30 0
13 99 0
48 87 0
26 98 0
97 54 0
92 96 0
86 48 0
98 18 0
76 68 0
27 11 0
62 79 0
10 16 0
55 91 0
34 97 0
61 46 0
64 44 0
36 38 0
96 42 0
82 79 0
29 35 0
48 8 0
50 67 0
16 30 0
25 73 0
89 68 0
48 3 0
91 51 0
89 50 0
7 47 0
39 99 0
27 45 0
31 25 0
96 26 0
56 75 0
24 39 0
41 96 0
43 5 0
68 76 0
93 42 0
53 99 0
45 71 0
41 5 0
15 49 0
93 12 0
99 2 0
75 14 0
76 80 0
18 98 0
1 59 0
6 82 0
90 55 0
23 63 0
79 58 0
41 20 0
23 96 0
6 12 0
73 48 0
63 42 0
52 91 0
74 100 0
35 6 0
66 58 0
47 74 0
7 40 0
25 54 0
21 36 0
97 1 0
28 70 0
12 41 0
86 12 0
20 83 0
10 4 0
30 78 0
39 5 0
37 92 0
89 25 0
60 91 0
70 84 0
6 1 0
2 23 0
85 75 0
86 50 0
69 26 0
82 86 0
90 31 0
32 65 0
59 81 0
95 89 0
71 91 0
32 34 0
65 38 0
47 95 0
9 47 0
67 50 0
77 68 0
93 62 0
78 29 0
92 100 0
81 27 0
63 26 0
98 60 0
46 49 0
20 27 0
18 90 0
92 67 0
4 18 0
91 10 0
76 17 0
64 83 0
96 11 0
53 40 0
54 90 0
16 98 0
45 92 0
6 44 0
97 90 0
99 47 0
29 37 0
23 77 0
48 7 0
53 77 0
36 100 0
68 94 0
24 95 0
61 89 0
100 82 0
59 40 0
45 19 0
27 59 0
25 36 0
67 74 0
77 1 0
6 20 0
68 38 0
18 30 0
31 87 0
34 30 0
43 36 0
88 53 0
34 88 0
91 88 0
28 22 0
48 95 0
91 66 0
16 12 0
56 23 0
91 58 0
80 5 0
93 77 0
16 24 0
85 50 0
91 15 0
1 9 0
12 22 0
21 61 0
77 71 0
12 83 0
97 100 0
29 74 0
38 8 0
52 81 0
2 95 0
5 62 0
54 74 0
37 35 0
19 37 0
92 31 0
78 92 0
24 74 0
21 76 0
43 82 0
12 38 0
90 64 0
8 97 0
49 20 0
58 22 0
2 62 0
24 4 0
58 51 0
87 23 0
26 50 0
66 84 0
70 34 0
14 87 0
23 68 0
2 87 0
94 30 0
63 29 0
10 21 0
32 56 0
8 90 0
85 61 0
86 70 0
66 81 0
5 47 0
64 52 0
72 8 0
17 32 0
60 36 0
45 77 0
60 96 0
27 57 0
3 77 0
85 37 0
62 64 0
12 100 0
37 5 0
37 13 0
79 60 0
84 52 0
73 38 0
94 84 0
28 30 0
97 49 0
74 81 0
74 20 0
10 42 0
10 74 0
77 7 0
96 17 0
40 2 0
56 7 0
92 11 0
13 23 0
1 33 0
9 97 0
99 13 0
54 92 0
20 26 0
6 16 0
50 80 0
71 81 0
82 77 0
12 48 0
31 2 0
35 95 0
64 10 0
55 45 0
45 36 0
21 53 0
34 25 0
87 50 0
81 15 0
22 87 0
6 30 0
29 77 0
87 57 0
84 64 0
40 1 0
91 6 0
71 27 0
60 41 0
40 39 0
34 66 0
46 32 0
2 44 0
85 29 0
9 74 0
85 45 0
67 43 0
31 45 0
61 92 0
15 91 0
8 72 0
70 7 0
4 66 0
70 86 0
44 20 0
12 47 0
18 40 0
56 3 0
31 90 0
49 47 0
75 80 0
78 96 0
93 73 0
52 57 0
89 76 0
78 19 0
86 88 0
52 27 0
73 27 0
43 32 0
40 27 0
9 42 0
70 42 0
92 78 0
83 74 0
19 51 0
8 6 0
90 44 0
63 92 0
33 75 0
32 75 0
62 61 0
58 37 0
64 5 0
15 59 0
81 68 0
8 98 0
5 17 0
17 15 0
65 88 0
21 75 0
74 46 0
78 88 0
54 65 0
1 72 0
2 7 0
30 47 0
1 58 0
36 91 0
18 92 0
13 56 0
4 45 0
81 25 0
19 98 0
44 100 0
16 35 0
97 48 0
84 92 0
89 45 0
74 21 0
18 47 0
98 93 0
8 28 0
34 33 0
62 13 0
6 23 0
41 98 0
8 79 0
24 46 0
43 88 0
43 84 0
88 1 0
11 29 0
69 89 0
54 89 0
78 10 0
35 37 0
57 10 0
66 15 0
25 7 0
55 28 0
5 36 0
71 80 0
67 9 0
71 10 0
92 47 0
73 66 0
26 54 0
43 12 0
50 83 0
73 7 0
88 11 0
6 61 0
1 13 0
61 4 0
69 13 0
42 46 0
33 40 0
71 54 0
55 85 0
17 42 0
82 40 0
22 65 0
72 70 0
83 46 0
15 75 0
74 37 0
37 40 0
34 10 0
72 29 0
58 17 0
20 38 0
26 19 0
91 94 0
48 28 0
21 89 0
31 70 0
60 67 0
11 47 0
71 39 0
3 32 0
19 76 0
75 72 0
88 48 0
53 56 0
21 14 0
2 48 0
42 33 0
22 56 0
84 54 0
98 73 0
55 84 0
72 99 0
78 31 0
21 10 0
13 76 0
59 10 0
80 14 0
10 82 0
13 38 0
12 24 0
55 37 0
42 64 0
8 39 0
46 62 0
76 89 0
88 2 0
36 5 0
27 19 0
8 80 0
31 57 0
65 11 0
10 100 0
88 98 0
21 26 0
17 31 0
38 70 0
12 53 0
50 60 0
33 61 0
89 51 0
68 40 0
100 91 0
100 37 0
37 63 0
90 7 0
1 45 0
67 19 0
74 69 0
72 19 0
40 60 0
95 49 0
11 51 0
54 84 0
100 56 0
56 94 0
61 65 0
62 49 0
29 55 0
52 41 0
1 31 0
2 17 0
94 43 0
23 53 0
96 34 0
88 51 0
93 24 0
93 64 0
49 56 0
29 26 0
92 19 0
35 68 0
37 87 0
79 50 0
7 38 0
19 88 0
76 99 0
45 74 0
65 96 0
13 5 0
88 79 0
78 34 0
71 47 0
34 50 0
18 39 0
36 66 0
83 64 0
53 62 0
42 85 0
79 85 0
36 77 0
83 76 0
79 95 0
69 53 0
95 97 0
53 6 0
47 99 0
68 59 0
16 100 0
58 91 0
43 95 0
90 46 0
41 19 0
65 35 0
72 98 0
43 93 0
23 55 0
48 83 0
5 22 0
14 93 0
6 62 0
75 10 0
13 67 0
15 61 0
4 71 0
34 61 0
31 56 0
46 19 0
46 25 0
48 68 0
8 13 0
52 31 0
96 28 0
38 90 0
11 59 0
95 79 0
52 36 0
17 54 0
84 27 0
47 50 0
23 4 0
57 47 0
55 20 0
49 4 0
4 44 0
69 9 0
91 80 0
20 17 0
13 39 0
43 64 0
5 51 0
89 70 0
34 20 0
15 92 0
69 82 0
88 14 0
69 75 0
16 91 0
92 49 0
41 38 0
29 33 0
59 50 0
50 87 0
98 9 0
1 83 0
3 5 0
56 21 0
100 93 0
89 81 0
11 58 0
65 57 0
61 67 0
49 37 0
4 51 0
23 87 0
29 23 0
97 16 0
3 88 0
64 20 0
50 75 0
7 85 0
13 95 0
98 45 0
20 88 0
72 62 0
22 60 0
1 40 0
8 40 0
34 6 0
85 82 0
5 1 0
3 34 0
74 78 0
75 32 0
59 92 0
79 100 0
51 16 0
39 29 0
11 92 0
99 65 0
93 96 0
16 65 0
68 34 0
86 52 0
40 43 0
6 80 0
84 4 0
53 30 0
69 77 0
89 53 0
94 9 0
9 26 0
94 4 0
98 3 0
52 28 0
50 98 0
94 83 0
36 92 0
79 90 0
13 96 0
92 24 0
36 75 0
99 6 0
72 50 0
24 65 0
91 84 0
14 32 0
75 96 0
38 15 0
75 65 0
9 33 0
25 23 0
56 2 0
60 71 0
17 69 0
78 95 0
96 58 0
94 87 0
53 8 0
60 90 0
26 76 0
77 86 0
80 34 0
44 65 0
94 37 0
17 75 0
89 23 0
51 65 0
41 61 0
48 38 0
85 28 0
15 62 0
92 94 0
92 55 0
76 83 0
67 97 0
3 12 0
15 55 0
49 25 0
73 47 0
100 80 0
45 15 0
57 9 0
60 32 0
76 58 0
11 63 0
10 48 0
66 12 0
5 49 0
20 85 0
99 82 0
32 88 0
38 88 0
21 42 0
40 6 0
21 79 0
82 84 0
35 67 0
69 58 0
64 3 0
21 63 0
75 78 0
60 56 0
41 15 0
18 97 0
42 78 0
7 15 0
11 89 0
30 39 0
36 76 0
59 68 0
83 73 0
49 57 0
54 81 0
9 67 0
49 9 0
15 56 0
92 43 0
63 40 0
66 9 0
54 99 0
30 4 0
64 87 0
40 34 0
93 87 0
19 62 0
87 31 0
19 90 0
27 80 0
25 75 0
78 12 0
58 31 0
79 97 0
14 63 0
31 43 0
83 31 0
10 19 0
89 9 0
83 58 0
1 10 0
27 48 0
41 33 0
96 36 0
31 82 0
72 68 0
63 39 0
41 11 0
56 39 0
56 51 0
5 31 0
20 65 0
38 42 0
17 89 0
64 77 0
31 79 0
94 85 0
44 66 0
79 93 0
10 34 0
72 26 0
44 88 0
18 96 0
89 75 0
29 75 0
34 15 0
1 86 0
9 72 0
94 62 0
51 79 0
33 99 0
6 37 0
45 78 0
28 92 0
80 12 0
56 19 0
2 42 0
19 86 0
63 5 0
45 69 0
16 9 0
67 59 0
32 91 0
44 32 0
95 77 0
15 38 0
14 65 0
99 93 0
59 9 0
26 55 0
84 78 0
43 27 0
54 96 0
4 95 0
12 71 0
31 63 0
75 1 0
34 8 0
45 47 0
5 100 0
55 92 0
49 90 0
1 68 0
87 69 0
47 59 0
48 41 0
7 34 0
2 28 0
30 40 0
56 63 0
32 7 0
2 5 0
39 71 0
55 68 0
87 43 0
62 48 0
5 38 0
31 9 0
95 44 0
9 85 0
36 86 0
45 27 0
88 49 0
48 82 0
12 6 0
54 41 0
82 54 0
21 45 0
66 47 0
31 66 0
91 99 0
71 94 0
37 83 0
26 17 0
22 77 0
84 69 0
64 100 0
36 64 0
97 6 0
80 36 0
61 58 0
2 83 0
37 70 0
68 49 0
24 3 0
18 89 0
71 32 0
75 5 0
60 88 0
67 87 0
90 83 0
83 36 0
1 89 0
94 55 0
52 54 0
68 60 0
4 55 0
89 18 0
6 19 0
87 4 0
79 86 0
22 50 0
50 89 0
51 38 0
98 33 0
19 67 0
65 77 0
66 71 0
5 69 0
74 62 0
90 33 0
31 53 0
90 41 0
80 86 0
53 25 0
60 59 0
66 65 0
81 42 0
53 7 0
50 18 0
23 92 0
91 18 0
36 28 0
73 32 0
86 34 0
33 86 0
7 76 0
89 20 0
83 12 0
26 100 0
17 86 0
32 19 0
69 16 0
77 62 0
59 23 0
71 88 0
21 32 0
65 27 0
60 7 0
44 48 0
9 61 0
42 70 0
44 21 0
89 41 0
90 62 0
46 76 0
94 75 0
34 44 0
37 4 0
29 78 0
85 59 0
10 7 0
93 79 0
70 5 0
3 82 0
47 25 0
70 59 0
8 84 0
37 34 0
62 24 0
24 80 0
86 96 0
3 86 0
9 77 0
97 42 0
82 35 0
92 10 0
47 31 0
6 75 0
73 55 0
19 75 0
59 100 0
50 33 0
48 80 0
76 94 0
42 79 0
100 23 0
65 8 0
13 87 0
42 90 0
46 13 0
25 24 0
99 97 0
40 92 0
9 92 0
57 93 0
65 59 0
75 35 0
32 30 0
74 70 0
18 61 0
95 39 0
76 9 0
9 21 0
64 15 0
20 94 0
57 52 0
11 62 0
3 95 0
83 24 0
70 15 0
50 99 0
45 3 0
5 59 0
12 5 0
44 29 0
27 5 0
64 74 0
77 83 0
18 25 0
34 48 0
40 21 0
70 81 0
87 38 0
32 62 0
81 73 0
93 99 0
27 7 0
97 5 0
49 65 0
30 100 0
19 80 0
19 55 0
84 25 0
90 20 0
99 28 0
22 93 0
49 77 0
30 28 0
83 43 0
89 63 0
80 96 0
38 14 0
9 96 0
8 94 0
31 35 0
54 45 0
49 16 0
58 74 0
79 45 0
82 47 0
4 48 0
78 25 0
22 48 0
1 22 0
30 26 0
21 35 0
78 42 0
59 95 0
76 3 0
85 74 0
19 83 0
83 16 0
89 95 0
10 67 0
35 16 0
34 51 0
36 18 0
27 49 0
75 63 0
49 43 0
85 49 0
8 53 0
33 56 0
85 60 0
80 47 0
54 75 0
52 60 0
75 91 0
85 52 0
57 78 0
16 37 0
48 39 0
6 13 0
99 12 0
80 51 0
69 36 0
73 97 0
72 83 0
95 16 0
91 5 0
50 27 0
33 73 0
89 55 0
99 49 0
31 74 0
65 53 0
85 20 0
63 12 0
29 89 0
19 5 0
82 2 0
70 62 0
36 30 0
57 24 0
59 12 0
26 86 0
28 68 0
83 23 0
66 51 0
81 100 0
53 14 0
20 78 0
44 52 0
91 90 0
87 86 0
87 7 0
56 58 0
86 49 0
33 15 0
79 71 0
29 60 0
32 22 0
44 73 0
71 98 0
19 57 0
19 4 0
23 6 0
19 25 0
53 93 0
58 100 0
59 49 0
7 5 0
37 95 0
14 46 0
86 4 0
94 33 0
48 31 0
72 76 0
26 22 0
64 76 0
62 41 0
14 56 0
90 12 0
17 79 0
54 86 0
16 54 0
14 38 0
69 46 0
44 98 0
25 84 0
86 32 0
27 87 0
38 3 0
26 39 0
94 12 0
55 33 0
23 86 0
52 67 0
12 69 0
92 29 0
30 92 0
37 36 0
65 48 0
50 37 0
52 16 0
15 71 0
36 65 0
25 96 0
95 14 0
53 73 0
71 43 0
14 11 0
63 44 0
89 37 0
82 68 0
59 71 0
30 83 0
54 78 0
100 35 0
13 12 0
64 79 0
44 55 0
69 52 0
56 40 0
42 23 0
46 45 0
29 6 0
56 82 0
7 60 0
57 83 0
77 50 0
58 88 0
3 84 0
88 66 0
79 51 0
87 77 0
27 100 0
24 54 0
33 18 0
86 63 0
53 89 0
10 24 0
40 94 0
9 48 0
78 44 0
61 100 0
11 77 0
14 69 0
70 35 0
78 82 0
17 78 0
10 94 0
9 58 0
90 85 0
85 88 0
38 87 0
43 46 0
20 29 0
13 16 0
80 90 0
81 6 0
94 53 0
45 96 0
96 69 0
19 40 0
2 22 0
38 21 0
48 50 0
39 80 0
37 23 0
58 76 0
75 41 0
22 79 0
46 3 0
79 66 0
29 49 0
11 72 0
64 89 0
55 87 0
98 96 0
89 24 0
30 98 0
53 82 0
95 25 0
96 63 0
77 16 0
41 55 0
47 32 0
64 48 0
88 8 0
1 52 0
40 64 0
46 77 0
16 88 0
4 59 0
35 64 0
4 3 0
42 5 0
37 29 0
90 70 0
50 73 0
13 61 0
57 85 0
51 57 0
52 90 0
24 52 0
82 91 0
51 21 0
57 76 0
79 73 0
63 72 0
74 40 0
96 79 0
29 19 0
73 12 0
43 71 0
79 91 0
27 69 0
65 10 0
94 77 0
93 47 0
25 65 0
99 35 0
85 46 0
8 55 0
9 37 0
61 16 0
25 90 0
52 40 0
70 31 0
17 33 0
49 31 0
2 81 0
53 46 0
30 11 0
23 95 0
100 66 0
56 5 0
14 29 0
84 77 0
6 50 0
88 45 0
8 60 0
45 67 0
84 51 0
82 41 0
45 42 0
14 94 0
99 41 0
34 16 0
14 48 0
32 94 0
22 74 0
22 49 0
7 55 0
27 6 0
65 60 0
98 32 0
32 71 0
44 7 0
18 5 0
92 28 0
89 100 0
55 31 0
14 73 0
92 32 0
23 21 0
3 94 0
47 12 0
55 83 0
35 70 0
67 70 0
66 88 0
80 67 0
14 81 0
74 96 0
83 78 0
62 9 0
56 6 0
46 84 0
43 89 0
52 82 0
21 94 0
38 25 0
71 15 0
8 43 0
57 35 0
17 4 0
8 32 0
50 84 0
43 30 0
20 63 0
91 81 0
14 24 0
90 2 0
83 59 0
15 53 0
8 35 0
4 2 0
72 44 0
59 18 0
71 24 0
22 88 0
83 82 0
47 45 0
74 67 0
100 79 0
92 35 0
48 37 0
77 63 0
20 55 0
30 66 0
30 41 0
5 84 0
93 68 0
60 37 0
23 93 0
35 98 0
81 71 0
45 84 0
93 89 0
58 66 0
57 72 0
24 22 0
50 7 0
88 42 0
5 52 0
58 3 0
20 100 0
70 18 0
61 45 0
77 28 0
5 2 0
27 70 0
97 91 0
41 87 0
64 88 0
21 56 0
25 49 0
30 58 0
65 69 0
11 44 0
9 93 0
48 54 0
90 52 0
32 63 0
78 67 0
3 27 0
5 87 0
40 98 0
80 59 0
56 81 0
2 71 0
11 61 0
19 93 0
60 38 0
62 55 0
4 86 0
7 62 0
55 2 0
51 93 0
68 99 0
18 10 0
95 88 0
59 30 0
47 96 0
20 75 0
8 78 0
54 23 0
70 66 0
82 66 0
49 97 0
92 82 0
66 6 0
98 91 0
47 29 0
45 38 0
65 39 0
95 81 0
63 9 0
93 82 0
17 58 0
63 83 0
21 71 0
95 7 0
99 26 0
58 82 0
19 71 0
52 18 0
62 7 0
85 64 0
32 31 0
47 88 0
33 19 0
63 24 0
18 59 0
80 91 0
66 48 0
27 63 0
31 38 0
92 58 0
1 12 0
81 76 0
54 57 0
59 61 0
23 28 0
99 43 0
45 5 0
50 9 0
70 38 0
88 71 0
18 65 0
85 93 0
75 48 0
76 27 0
81 10 0
75 94 0
3 85 0
91 52 0
71 40 0
60 1 0
51 98 0
87 94 0
85 65 0
8 96 0
28 94 0
83 65 0
24 19 0
84 71 0
60 98 0
89 36 0
30 94 0
33 92 0
7 73 0
73 41 0
8 47 0
67 71 0
42 31 0
95 26 0
39 53 0
96 6 0
52 74 0
48 47 0
18 55 0
33 22 0
67 35 0
48 85 0
15 93 0
90 94 0
33 98 0
10 13 0
90 48 0
72 95 0
5 25 0
88 99 0
7 4 0
18 66 0
55 5 0
41 24 0
2 32 0
44 81 0
85 71 0
99 29 0
36 61 0
84 62 0
63 7 0
16 80 0
22 84 0
58 36 0
30 63 0
39 90 0
72 66 0
19 94 0
56 100 0
29 24 0
95 12 0
86 36 0
46 2 0
2 16 0
11 9 0
16 14 0
10 58 0
70 51 0
73 13 0
85 19 0
32 77 0
82 18 0
78 55 0
69 92 0
3 61 0
23 46 0
74 93 0
66 74 0
63 6 0
2 51 0
11 65 0
84 72 0
22 51 0
63 17 0
25 42 0
99 51 0
98 22 0
98 80 0
99 75 0
88 39 0
51 24 0
16 15 0
74 72 0
62 87 0
46 85 0
59 64 0
77 39 0
85 14 0
13 70 0
67 3 0
24 18 0
55 27 0
35 38 0
71 34 0
23 34 0
62 25 0
78 26 0
62 34 0
51 100 0
6 33 0
91 95 0
87 84 0
96 32 0
63 69 0
67 31 0
35 28 0
87 74 0
94 63 0
72 52 0
39 73 0
79 23 0
21 7 0
30 69 0
70 22 0
40 68 0
59 65 0
25 27 0
67 16 0
80 37 0
39 88 0
78 41 0
76 69 0
4 6 0
35 31 0
76 87 0
70 61 0
65 47 0
79 61 0
85 84 0
36 1 0
23 31 0
22 68 0
30 82 0
38 86 0
22 31 0
67 84 0
73 75 0
50 12 0
12 18 0
90 36 0
51 27 0
24 99 0
48 21 0
21 40 0
33 38 0
100 20 0
14 3 0
27 93 0
89 86 0
71 84 0
55 79 0
56 15 0
85 63 0
80 9 0
97 26 0
23 91 0
22 66 0
70 12 0
72 53 0
6 96 0
52 1 0
15 69 0
4 8 0
95 1 0
25 35 0
80 75 0
81 87 0
45 51 0
24 2 0
100 85 0
60 49 0
10 5 0
39 62 0
19 47 0
5 11 0
46 30 0
75 24 0
69 55 0
27 39 0
57 13 0
98 43 0
47 2 0
33 90 0
94 31 0
27 91 0
4 9 0
54 14 0
46 86 0
48 4 0
89 14 0
88 30 0
69 71 0
100 34 0
11 57 0
56 35 0
30 57 0
89 5 0
39 97 0
67 18 0
93 36 0
16 43 0
11 46 0
50 2 0
98 83 0
11 85 0
61 2 0
100 87 0
68 45 0
65 99 0
87 60 0
86 79 0
92 5 0
5 24 0
15 50 0
24 76 0
65 51 0
84 33 0
80 95 0
90 39 0
15 64 0
76 2 0
51 39 0
1 32 0
65 70 0
4 43 0
14 6 0
17 48 0
4 64 0
45 91 0
27 96 0
93 4 0
78 3 0
53 45 0
69 80 0
37 79 0
12 97 0
3 71 0
69 72 0
20 19 0
71 28 0
1 35 0
84 23 0
70 6 0
64 72 0
84 83 0
64 96 0
25 62 0
28 77 0
36 72 0
40 3 0
43 53 0
5 28 0
99 14 0
11 64 0
71 100 0
38 79 0
70 87 0
16 92 0
91 65 0
2 61 0
53 97 0
13 21 0
89 8 0
96 71 0
23 19 0
99 56 0
34 32 0
59 33 0
18 7 0
27 97 0
57 100 0
21 2 0
19 96 0
11 13 0
78 35 0
6 25 0
84 11 0
50 35 0
23 75 0
78 89 0
73 99 0
37 52 0
52 17 0
40 80 0
80 84 0
43 56 0
47 94 0
65 41 0
31 83 0
73 17 0
50 46 0
6 43 0
100 4 0
73 46 0
46 24 0
85 41 0
31 55 0
18 69 0
73 92 0
7 10 0
66 57 0
16 79 0
18 74 0
41 58 0
20 35 0
45 60 0
68 44 0
99 31 0
11 79 0
5 4 0
60 58 0
32 17 0
52 6 0
89 74 0
70 49 0
24 6 0
61 98 0
23 15 0
56 9 0
75 60 0
62 69 0
51 55 0
30 54 0
1 77 0
69 86 0
16 69 0
73 98 0
33 53 0
91 12 0
53 95 0
34 98 0
19 44 0
93 48 0
39 14 0
61 8 0
70 90 0
64 66 0
33 96 0
37 32 0
46 10 0
21 72 0
47 49 0
70 45 0
12 17 0
71 73 0
16 60 0
99 27 0
17 23 0
74 7 0
69 78 0
17 20 0
28 90 0
75 57 0
91 62 0
27 61 0
8 36 0
58 97 0
79 40 0
71 29 0
89 61 0
3 87 0
36 78 0
48 59 0
29 43 0
88 67 0
8 46 0
5 65 0
16 34 0
71 31 0
99 19 0
70 80 0
56 74 0
42 65 0
18 49 0
96 29 0
69 34 0
82 70 0
62 30 0
92 62 0
24 91 0
90 51 0
36 74 0
61 40 0
55 10 0
55 64 0
59 8 0
85 11 0
9 66 0
22 54 0
94 80 0
55 25 0
50 68 0
98 59 0
58 18 0
89 52 0
70 82 0
87 48 0
28 40 0
82 44 0
65 79 0
6 26 0
21 37 0
63 34 0
52 58 0
57 31 0
38 35 0
20 90 0
