1 1 1
2 2 1
3 3 1
4 4 1
5 5 1
6 6 1
7 7 1
8 8 1
9 9 1
10 10 1
11 11 1
12 12 1
13 13 1
14 14 1
15 15 1
16 16 1
17 17 1
18 18 1
19 19 1
20 20 1
21 21 1
22 22 1
23 23 1
24 24 1
25 25 1
26 26 1
27 27 1
28 28 1
29 29 1
30 30 1
31 31 1
32 32 1
33 33 1
34 34 1
1 2 0
2 3 0
3 4 0
4 5 0
5 6 0
6 7 0
7 8 0
8 9 0
9 10 0
10 11 0
11 12 0
12 13 0
13 14 0
14 15 0
15 16 0
16 17 0
17 18 0
18 19 0
19 20 0
20 21 0
21 22 0
22 23 0
23 24 0
24 25 0
25 26 0
26 27 0
27 28 0
28 29 0
29 30 0
30 31 0
31 32 0
32 33 0
33 34 0
14 9 0
5 9 0
17 3 0
13 3 0
29 27 0
27 16 0
4 31 0
15 27 0
10 27 0
29 14 0
8 2 0
24 6 0
29 8 0
31 17 0
17 10 0
23 6 0
16 24 0
29 18 0
5 19 0
32 24 0
26 20 0
6 34 0
12 25 0
6 31 0
11 22 0
26 31 0
1 13 0
23 11 0
25 18 0
27 6 0
13 1 0
18 26 0
30 23 0
17 2 0
16 27 0
20 26 0
1 14 0
34 22 0
24 9 0
5 22 0
24 7 0
6 22 0
1 32 0
30 24 0
6 2 0
21 12 0
16 33 0
16 18 0
17 12 0
7 32 0
31 28 0
3 24 0
11 13 0
1 11 0
3 14 0
11 1 0
18 22 0
30 14 0
2 28 0
26 29 0
6 11 0
28 24 0
17 30 0
20 4 0
1 17 0
17 14 0
9 5 0
8 33 0
29 15 0
23 21 0
30 9 0
13 26 0
25 14 0
6 9 0
15 31 0
13 17 0
21 3 0
6 14 0
26 13 0
31 16 0
5 17 0
1 31 0
16 5 0
5 14 0
21 26 0
11 29 0
24 31 0
11 17 0
4 29 0
14 25 0
34 21 0
11 32 0
3 13 0
33 28 0
7 29 0
5 26 0
31 27 0
3 2 0
12 9 0
5 7 0
4 28 0
31 12 0
11 34 0
21 34 0
13 22 0
32 7 0
32 14 0
34 24 0
29 33 0
9 32 0
16 23 0
9 22 0
2 9 0
10 32 0
19 33 0
21 23 0
32 8 0
6 18 0
19 14 0
29 11 0
17 25 0
33 32 0
29 13 0
4 30 0
16 7 0
28 10 0
30 25 0
25 8 0
28 2 0
14 6 0
26 14 0
33 7 0
12 4 0
23 13 0
33 22 0
3 7 0
10 29 0
30 18 0
29 25 0
23 9 0
28 26 0
30 12 0
2 17 0
33 26 0
12 21 0
11 20 0
28 34 0
5 8 0
5 25 0
9 23 0
30 16 0
13 27 0
9 18 0
12 3 0
33 1 0
32 17 0
13 32 0
18 6 0
28 16 0
1 8 0
28 13 0
23 27 0
8 15 0
1 15 0
1 25 0
18 5 0
18 21 0
31 22 0
30 17 0
13 7 0
30 32 0
9 26 0
31 18 0
21 28 0
3 34 0
23 10 0
18 32 0
27 34 0
4 13 0
26 11 0
15 4 0
28 3 0
16 25 0
16 19 0
21 4 0
16 26 0
13 16 0
30 27 0
23 1 0
