1 1 1
2 2 1
3 3 1
4 4 1
5 5 1
6 6 1
7 7 1
8 8 1
9 9 1
10 10 1
11 11 1
12 12 1
13 13 1
14 14 1
15 15 1
16 16 1
17 17 1
18 18 1
19 19 1
20 20 1
21 21 1
22 22 1
23 23 1
24 24 1
25 25 1
26 26 1
27 27 1
28 28 1
29 29 1
30 30 1
31 31 1
32 32 1
33 33 1
34 34 1
35 35 1
36 36 1
37 37 1
38 38 1
39 39 1
40 40 1
41 41 1
42 42 1
43 43 1
44 44 1
45 45 1
46 46 1
47 47 1
48 48 1
49 49 1
50 50 1
51 51 1
52 52 1
53 53 1
54 54 1
55 55 1
56 56 1
57 57 1
58 58 1
59 59 1
60 60 1
61 61 1
62 62 1
63 63 1
64 64 1
65 65 1
66 66 1
67 67 1
68 68 1
69 69 1
70 70 1
71 71 1
72 72 1
73 73 1
74 74 1
75 75 1
76 76 1
77 77 1
78 78 1
79 79 1
80 80 1
81 81 1
82 82 1
83 83 1
84 84 1
85 85 1
86 86 1
87 87 1
88 88 1
89 89 1
90 90 1
91 91 1
92 92 1
93 93 1
94 94 1
95 95 1
96 96 1
97 97 1
98 98 1
99 99 1
100 100 1
101 101 1
102 102 1
103 103 1
104 104 1
105 105 1
106 106 1
107 107 1
108 108 1
109 109 1
110 110 1
111 111 1
112 112 1
113 113 1
114 114 1
115 115 1
116 116 1
117 117 1
118 118 1
118 47 0
84 38 0
118 16 0
73 15 0
100 114 0
73 88 0
85 40 0
8 99 0
73 99 0
105 7 0
40 87 0
46 116 0
111 75 0
19 108 0
30 56 0
96 33 0
103 65 0
74 106 0
80 29 0
6 61 0
28 78 0
34 112 0
3 46 0
97 75 0
30 83 0
86 69 0
56 13 0
67 48 0
91 89 0
37 6 0
26 14 0
39 10 0
83 116 0
1 44 0
30 6 0
109 62 0
87 24 0
55 90 0
73 37 0
50 103 0
6 21 0
53 61 0
33 5 0
112 6 0
93 30 0
11 1 0
47 53 0
14 11 0
55 15 0
59 84 0
24 53 0
27 111 0
80 86 0
86 35 0
8 21 0
19 17 0
42 75 0
81 78 0
80 74 0
87 54 0
107 102 0
58 36 0
36 72 0
50 94 0
90 112 0
64 117 0
46 94 0
113 8 0
65 80 0
46 73 0
105 64 0
93 28 0
24 56 0
105 103 0
11 74 0
43 118 0
61 104 0
39 100 0
61 92 0
76 32 0
86 21 0
35 17 0
114 29 0
24 65 0
109 73 0
19 99 0
22 111 0
8 46 0
52 116 0
30 63 0
75 76 0
66 17 0
62 108 0
117 4 0
81 74 0
40 48 0
98 74 0
69 97 0
102 92 0
43 96 0
47 65 0
76 68 0
62 87 0
117 113 0
85 33 0
61 45 0
108 12 0
62 55 0
1 64 0
63 82 0
23 102 0
15 2 0
61 83 0
102 48 0
61 31 0
26 111 0
99 105 0
64 46 0
78 63 0
41 48 0
95 105 0
92 88 0
117 39 0
25 3 0
102 87 0
84 6 0
74 103 0
11 16 0
67 117 0
63 13 0
29 92 0
5 13 0
83 73 0
59 42 0
17 103 0
93 115 0
89 66 0
84 91 0
105 112 0
94 92 0
80 63 0
98 39 0
47 112 0
54 114 0
110 3 0
12 24 0
98 17 0
37 62 0
89 99 0
107 109 0
83 81 0
105 53 0
33 74 0
30 23 0
68 5 0
114 33 0
67 97 0
76 114 0
91 15 0
113 86 0
17 6 0
114 1 0
26 36 0
66 118 0
16 55 0
108 98 0
21 98 0
36 57 0
58 65 0
79 11 0
73 79 0
47 22 0
57 4 0
21 33 0
19 15 0
1 39 0
24 114 0
39 54 0
31 105 0
53 50 0
45 47 0
29 69 0
30 68 0
8 87 0
15 90 0
97 91 0
50 30 0
112 107 0
33 18 0
21 51 0
36 25 0
90 60 0
24 14 0
113 58 0
4 51 0
107 48 0
97 21 0
3 13 0
89 10 0
99 107 0
103 82 0
79 35 0
111 77 0
27 25 0
94 51 0
80 12 0
76 55 0
75 99 0
72 73 0
39 76 0
5 31 0
5 106 0
52 7 0
118 22 0
20 102 0
14 5 0
65 92 0
43 61 0
54 69 0
90 30 0
1 51 0
45 80 0
109 1 0
65 62 0
73 107 0
19 81 0
19 28 0
68 70 0
38 67 0
95 58 0
51 108 0
66 1 0
86 112 0
62 21 0
62 33 0
54 66 0
87 98 0
28 77 0
102 96 0
84 43 0
19 102 0
74 90 0
58 111 0
39 34 0
54 93 0
28 1 0
93 117 0
112 40 0
23 59 0
72 77 0
7 44 0
60 38 0
2 44 0
15 26 0
103 98 0
72 3 0
85 27 0
93 24 0
62 73 0
109 93 0
77 87 0
91 75 0
9 113 0
19 84 0
75 29 0
10 17 0
66 15 0
64 84 0
44 48 0
67 1 0
55 38 0
27 33 0
61 50 0
53 8 0
8 47 0
100 88 0
15 76 0
48 27 0
75 67 0
115 31 0
95 6 0
51 47 0
16 72 0
48 83 0
72 106 0
2 99 0
20 66 0
34 72 0
74 41 0
118 59 0
14 18 0
45 95 0
10 41 0
11 108 0
50 62 0
36 77 0
61 52 0
30 112 0
99 25 0
86 4 0
90 1 0
79 49 0
45 82 0
112 62 0
100 14 0
5 30 0
112 18 0
74 4 0
12 9 0
69 47 0
85 12 0
102 115 0
9 7 0
102 108 0
31 69 0
115 7 0
73 76 0
55 3 0
39 52 0
64 24 0
65 73 0
53 58 0
94 12 0
66 105 0
20 16 0
38 109 0
109 40 0
32 92 0
29 66 0
46 29 0
72 4 0
104 13 0
10 25 0
64 77 0
52 15 0
76 7 0
2 23 0
115 22 0
12 69 0
59 6 0
108 90 0
97 22 0
37 28 0
51 113 0
31 40 0
68 74 0
88 37 0
106 46 0
47 107 0
72 43 0
14 114 0
77 29 0
65 17 0
34 58 0
110 16 0
84 32 0
43 20 0
26 77 0
59 36 0
2 9 0
110 4 0
10 83 0
40 1 0
14 86 0
111 86 0
14 7 0
81 90 0
39 31 0
110 73 0
93 105 0
92 58 0
77 48 0
93 17 0
88 99 0
29 83 0
106 38 0
47 27 0
38 61 0
116 35 0
32 11 0
41 116 0
105 83 0
29 96 0
41 3 0
83 15 0
31 26 0
38 9 0
42 7 0
111 71 0
89 98 0
112 22 0
6 36 0
82 7 0
70 113 0
18 114 0
78 24 0
103 1 0
30 71 0
15 97 0
61 49 0
4 99 0
61 46 0
109 54 0
2 84 0
33 113 0
105 43 0
49 103 0
98 65 0
77 58 0
93 62 0
62 4 0
14 76 0
101 75 0
10 108 0
59 70 0
35 53 0
5 40 0
18 38 0
39 8 0
80 72 0
79 14 0
57 34 0
84 40 0
99 42 0
97 73 0
103 40 0
80 3 0
81 10 0
56 25 0
80 94 0
77 88 0
20 95 0
7 58 0
106 90 0
15 71 0
104 75 0
104 73 0
115 88 0
114 93 0
46 103 0
19 8 0
109 23 0
77 71 0
95 116 0
112 53 0
85 17 0
74 21 0
71 92 0
91 60 0
49 80 0
14 45 0
50 14 0
23 95 0
116 45 0
68 69 0
62 104 0
86 42 0
101 83 0
94 71 0
99 13 0
52 58 0
37 5 0
32 13 0
64 80 0
92 82 0
6 27 0
95 32 0
8 92 0
77 113 0
83 26 0
67 30 0
11 35 0
71 115 0
71 102 0
62 5 0
41 98 0
13 76 0
110 80 0
43 46 0
114 19 0
78 3 0
114 40 0
2 82 0
65 68 0
111 79 0
106 63 0
79 109 0
113 35 0
96 56 0
39 18 0
40 55 0
98 35 0
17 16 0
4 59 0
66 4 0
82 29 0
6 77 0
68 7 0
79 37 0
96 66 0
100 56 0
56 98 0
94 37 0
35 15 0
59 78 0
73 38 0
113 89 0
57 2 0
34 4 0
5 115 0
32 15 0
77 99 0
116 103 0
44 93 0
51 29 0
34 110 0
8 10 0
28 87 0
6 104 0
10 4 0
75 66 0
5 112 0
70 14 0
108 105 0
28 70 0
86 52 0
41 2 0
66 91 0
34 103 0
86 41 0
116 118 0
86 29 0
90 91 0
15 99 0
51 103 0
2 75 0
110 29 0
30 81 0
84 106 0
50 6 0
111 115 0
100 26 0
103 72 0
70 101 0
71 38 0
11 47 0
14 25 0
31 112 0
117 81 0
100 80 0
86 101 0
40 78 0
15 70 0
40 102 0
61 93 0
108 58 0
87 78 0
46 39 0
60 3 0
49 93 0
99 83 0
90 97 0
46 71 0
63 17 0
57 102 0
98 75 0
53 20 0
57 91 0
26 25 0
50 72 0
63 113 0
74 24 0
68 8 0
3 52 0
90 92 0
31 21 0
49 97 0
80 21 0
66 19 0
40 10 0
18 42 0
61 78 0
14 90 0
102 67 0
43 51 0
65 2 0
78 14 0
9 84 0
70 103 0
5 110 0
82 46 0
100 43 0
67 51 0
65 110 0
64 86 0
33 6 0
45 50 0
116 24 0
83 62 0
26 46 0
80 38 0
16 35 0
22 77 0
20 31 0
68 101 0
76 53 0
29 28 0
108 94 0
61 56 0
110 44 0
24 111 0
67 110 0
59 96 0
37 20 0
16 52 0
58 37 0
10 77 0
67 81 0
59 29 0
20 91 0
56 9 0
66 79 0
61 13 0
21 9 0
4 12 0
52 27 0
8 1 0
18 66 0
100 58 0
89 115 0
114 28 0
34 5 0
90 48 0
14 109 0
117 90 0
38 63 0
102 62 0
72 109 0
77 9 0
32 113 0
96 3 0
109 91 0
30 28 0
99 20 0
14 74 0
67 31 0
64 91 0
108 66 0
63 28 0
11 50 0
89 86 0
94 61 0
14 107 0
103 45 0
101 80 0
51 91 0
56 81 0
100 18 0
114 52 0
52 59 0
29 42 0
7 91 0
69 21 0
26 43 0
106 70 0
90 85 0
17 107 0
73 1 0
84 88 0
32 21 0
50 36 0
60 35 0
57 55 0
91 108 0
35 6 0
95 107 0
26 2 0
32 17 0
101 92 0
118 60 0
96 37 0
114 61 0
6 31 0
81 60 0
70 26 0
98 12 0
85 70 0
70 40 0
89 46 0
29 118 0
52 64 0
16 13 0
70 2 0
108 69 0
61 85 0
109 61 0
27 115 0
95 111 0
60 47 0
22 39 0
58 106 0
109 63 0
71 64 0
107 45 0
110 17 0
44 47 0
59 35 0
65 48 0
108 7 0
14 98 0
71 44 0
98 48 0
40 39 0
94 65 0
82 37 0
53 72 0
104 9 0
17 92 0
54 12 0
112 97 0
111 110 0
49 104 0
2 66 0
109 67 0
6 34 0
110 103 0
21 37 0
26 10 0
49 46 0
101 102 0
62 98 0
85 1 0
56 12 0
3 53 0
7 55 0
38 12 0
3 7 0
88 111 0
78 93 0
81 15 0
27 106 0
55 56 0
115 103 0
87 44 0
81 57 0
49 19 0
72 55 0
71 78 0
109 112 0
93 111 0
1 63 0
108 82 0
41 24 0
36 4 0
38 62 0
109 92 0
117 109 0
80 103 0
92 52 0
29 55 0
108 81 0
73 61 0
21 25 0
24 11 0
18 3 0
8 22 0
69 1 0
116 61 0
85 110 0
38 83 0
101 3 0
55 100 0
10 44 0
66 86 0
109 86 0
24 107 0
39 92 0
107 32 0
87 16 0
55 84 0
80 26 0
80 117 0
21 60 0
46 35 0
107 115 0
2 97 0
86 116 0
1 68 0
15 24 0
60 57 0
2 53 0
68 29 0
57 30 0
58 18 0
32 51 0
83 37 0
116 104 0
96 47 0
24 85 0
48 29 0
67 15 0
26 71 0
82 44 0
95 24 0
105 96 0
80 82 0
114 7 0
62 53 0
25 94 0
104 107 0
16 105 0
96 112 0
33 1 0
99 59 0
101 62 0
107 81 0
89 97 0
60 12 0
83 56 0
18 26 0
112 46 0
5 97 0
39 21 0
18 6 0
21 99 0
89 54 0
14 69 0
84 105 0
86 27 0
41 32 0
42 9 0
109 43 0
67 29 0
67 35 0
49 84 0
40 69 0
68 11 0
4 85 0
79 1 0
85 95 0
109 50 0
81 8 0
111 4 0
20 83 0
71 57 0
49 62 0
35 24 0
20 75 0
96 91 0
58 49 0
104 24 0
30 98 0
77 115 0
59 39 0
8 56 0
24 117 0
83 72 0
64 68 0
76 44 0
67 24 0
71 45 0
114 41 0
29 57 0
93 18 0
80 4 0
115 43 0
4 60 0
81 11 0
115 13 0
41 20 0
16 6 0
96 83 0
77 53 0
8 84 0
49 75 0
111 1 0
5 111 0
41 33 0
49 16 0
23 51 0
57 27 0
114 23 0
37 114 0
36 78 0
87 115 0
53 31 0
14 102 0
109 11 0
102 113 0
3 29 0
31 51 0
44 89 0
65 66 0
22 3 0
92 21 0
96 36 0
5 64 0
32 27 0
116 88 0
57 15 0
71 47 0
25 59 0
45 27 0
87 80 0
78 12 0
50 28 0
