1 1 1
2 2 1
3 3 1
4 4 1
5 5 1
6 6 1
7 7 1
8 8 1
9 9 1
10 10 1
11 11 1
12 12 1
13 13 1
14 14 1
15 15 1
16 16 1
17 17 1
18 18 1
19 19 1
20 20 1
21 21 1
22 22 1
23 23 1
24 24 1
25 25 1
26 26 1
27 27 1
28 28 1
29 29 1
30 30 1
31 31 1
32 32 1
33 33 1
34 34 1
35 35 1
36 36 1
37 37 1
38 38 1
39 39 1
40 40 1
41 41 1
42 42 1
43 43 1
44 44 1
45 45 1
46 46 1
47 47 1
48 48 1
49 49 1
50 50 1
51 51 1
52 52 1
53 53 1
54 54 1
55 55 1
56 56 1
57 57 1
58 58 1
59 59 1
60 60 1
61 61 1
62 62 1
63 63 1
64 64 1
65 65 1
66 66 1
67 67 1
68 68 1
69 69 1
70 70 1
71 71 1
72 72 1
73 73 1
74 74 1
75 75 1
76 76 1
77 77 1
78 78 1
79 79 1
80 80 1
81 81 1
82 82 1
83 83 1
84 84 1
85 85 1
86 86 1
87 87 1
88 88 1
89 89 1
90 90 1
91 91 1
92 92 1
93 93 1
94 94 1
95 95 1
96 96 1
97 97 1
98 98 1
99 99 1
100 100 1
101 101 1
102 102 1
103 103 1
104 104 1
105 105 1
106 106 1
107 107 1
108 108 1
109 109 1
110 110 1
111 111 1
112 112 1
113 113 1
114 114 1
115 115 1
116 116 1
117 117 1
118 118 1
119 119 1
120 120 1
121 121 1
122 122 1
123 123 1
124 124 1
125 125 1
126 126 1
127 127 1
128 128 1
129 129 1
130 130 1
131 131 1
132 132 1
133 133 1
134 134 1
135 135 1
136 136 1
137 137 1
138 138 1
139 139 1
140 140 1
141 141 1
142 142 1
143 143 1
144 144 1
145 145 1
146 146 1
147 147 1
148 148 1
149 149 1
150 150 1
151 151 1
152 152 1
153 153 1
154 154 1
155 155 1
156 156 1
157 157 1
158 158 1
159 159 1
160 160 1
161 161 1
162 162 1
163 163 1
164 164 1
165 165 1
166 166 1
167 167 1
168 168 1
169 169 1
170 170 1
171 171 1
172 172 1
173 173 1
174 174 1
175 175 1
176 176 1
177 177 1
178 178 1
179 179 1
180 180 1
181 181 1
182 182 1
183 183 1
184 184 1
185 185 1
186 186 1
187 187 1
188 188 1
189 189 1
190 190 1
191 191 1
192 192 1
193 193 1
194 194 1
195 195 1
196 196 1
197 197 1
198 198 1
199 199 1
200 200 1
201 201 1
202 202 1
203 203 1
204 204 1
205 205 1
206 206 1
207 207 1
208 208 1
209 209 1
210 210 1
211 211 1
212 212 1
213 213 1
214 214 1
215 215 1
216 216 1
217 217 1
218 218 1
219 219 1
220 220 1
221 221 1
222 222 1
223 223 1
224 224 1
225 225 1
226 226 1
227 227 1
228 228 1
229 229 1
230 230 1
231 231 1
232 232 1
233 233 1
234 234 1
235 235 1
236 236 1
237 237 1
238 238 1
239 239 1
240 240 1
241 241 1
242 242 1
243 243 1
244 244 1
245 245 1
246 246 1
247 247 1
248 248 1
249 249 1
250 250 1
251 251 1
252 252 1
253 253 1
254 254 1
255 255 1
256 256 1
257 257 1
258 258 1
259 259 1
260 260 1
261 261 1
262 262 1
263 263 1
264 264 1
265 265 1
266 266 1
267 267 1
268 268 1
269 269 1
270 270 1
271 271 1
272 272 1
273 273 1
274 274 1
275 275 1
276 276 1
277 277 1
278 278 1
279 279 1
280 280 1
281 281 1
282 282 1
283 283 1
284 284 1
285 285 1
286 286 1
287 287 1
288 288 1
289 289 1
290 290 1
291 291 1
292 292 1
293 293 1
294 294 1
295 295 1
296 296 1
297 297 1
298 298 1
299 299 1
300 300 1
301 301 1
302 302 1
303 303 1
304 304 1
305 305 1
306 306 1
307 307 1
308 308 1
309 309 1
310 310 1
311 311 1
312 312 1
313 313 1
314 314 1
315 315 1
316 316 1
317 317 1
318 318 1
319 319 1
320 320 1
321 321 1
322 322 1
323 323 1
324 324 1
325 325 1
326 326 1
327 327 1
328 328 1
329 329 1
330 330 1
331 331 1
332 332 1
333 333 1
334 334 1
335 335 1
336 336 1
337 337 1
338 338 1
339 339 1
340 340 1
341 341 1
342 342 1
343 343 1
344 344 1
345 345 1
346 346 1
347 347 1
348 348 1
349 349 1
350 350 1
351 351 1
352 352 1
353 353 1
354 354 1
355 355 1
356 356 1
357 357 1
358 358 1
359 359 1
360 360 1
361 361 1
362 362 1
363 363 1
364 364 1
365 365 1
366 366 1
367 367 1
368 368 1
369 369 1
370 370 1
371 371 1
372 372 1
373 373 1
374 374 1
375 375 1
376 376 1
377 377 1
378 378 1
379 379 1
380 380 1
381 381 1
382 382 1
383 383 1
384 384 1
385 385 1
386 386 1
387 387 1
388 388 1
389 389 1
390 390 1
391 391 1
392 392 1
393 393 1
394 394 1
395 395 1
396 396 1
397 397 1
398 398 1
399 399 1
400 400 1
401 401 1
402 402 1
403 403 1
404 404 1
405 405 1
406 406 1
407 407 1
408 408 1
409 409 1
410 410 1
411 411 1
412 412 1
413 413 1
414 414 1
415 415 1
416 416 1
417 417 1
418 418 1
419 419 1
420 420 1
421 421 1
422 422 1
423 423 1
424 424 1
425 425 1
426 426 1
427 427 1
428 428 1
429 429 1
430 430 1
431 431 1
432 432 1
433 433 1
434 434 1
435 435 1
436 436 1
437 437 1
438 438 1
439 439 1
440 440 1
441 441 1
442 442 1
443 443 1
444 444 1
445 445 1
446 446 1
447 447 1
448 448 1
449 449 1
450 450 1
451 451 1
452 452 1
453 453 1
454 454 1
455 455 1
456 456 1
457 457 1
458 458 1
459 459 1
460 460 1
461 461 1
462 462 1
463 463 1
464 464 1
465 465 1
466 466 1
467 467 1
468 468 1
469 469 1
470 470 1
471 471 1
472 472 1
472 47 0
202 156 0
354 16 0
427 133 0
218 350 0
427 324 0
203 276 0
244 335 0
309 99 0
341 361 0
276 441 0
400 470 0
111 75 0
255 108 0
148 56 0
450 387 0
103 419 0
310 224 0
434 265 0
124 179 0
382 78 0
270 112 0
121 282 0
215 429 0
148 83 0
86 423 0
292 13 0
421 402 0
327 443 0
37 242 0
26 14 0
157 128 0
201 234 0
119 162 0
266 242 0
109 416 0
87 378 0
55 208 0
427 37 0
404 103 0
360 257 0
53 179 0
269 241 0
348 124 0
211 384 0
365 237 0
165 289 0
132 365 0
291 251 0
295 84 0
260 171 0
27 347 0
316 322 0
322 271 0
126 21 0
373 253 0
278 193 0
199 314 0
434 74 0
205 172 0
225 338 0
176 390 0
154 308 0
50 212 0
326 112 0
64 353 0
282 330 0
467 126 0
419 316 0
164 73 0
105 64 0
93 382 0
24 292 0
223 457 0
365 428 0
397 118 0
61 340 0
275 454 0
415 92 0
194 268 0
204 257 0
389 253 0
114 383 0
378 301 0
227 309 0
373 99 0
140 465 0
8 164 0
52 470 0
148 417 0
193 312 0
302 253 0
180 344 0
235 122 0
435 428 0
158 166 0
452 74 0
187 333 0
456 92 0
161 450 0
401 301 0
76 68 0
62 323 0
471 113 0
321 387 0
297 281 0
226 366 0
62 173 0
237 64 0
63 200 0
259 220 0
133 238 0
61 319 0
338 284 0
179 267 0
262 347 0
335 105 0
182 164 0
196 181 0
277 284 0
95 341 0
92 88 0
235 393 0
261 239 0
456 323 0
438 242 0
310 339 0
247 370 0
185 353 0
181 131 0
147 210 0
5 249 0
83 427 0
413 278 0
135 457 0
329 469 0
325 420 0
84 327 0
341 112 0
94 92 0
434 299 0
334 39 0
165 348 0
408 350 0
228 357 0
248 142 0
334 253 0
391 416 0
207 99 0
461 109 0
83 317 0
105 407 0
33 428 0
30 141 0
68 123 0
232 269 0
421 333 0
76 114 0
209 251 0
231 204 0
135 6 0
114 237 0
26 272 0
420 472 0
370 409 0
108 452 0
21 452 0
154 293 0
176 183 0
433 11 0
73 433 0
47 22 0
293 122 0
375 269 0
373 133 0
1 275 0
378 114 0
39 172 0
385 459 0
171 50 0
163 47 0
29 423 0
266 422 0
244 441 0
133 444 0
451 445 0
404 266 0
466 225 0
387 136 0
21 287 0
36 261 0
90 414 0
142 368 0
113 294 0
122 51 0
343 284 0
97 139 0
3 131 0
89 246 0
99 461 0
457 318 0
433 389 0
111 195 0
381 25 0
330 169 0
80 366 0
430 409 0
75 99 0
72 427 0
393 194 0
5 31 0
5 342 0
170 7 0
472 258 0
20 338 0
14 5 0
183 446 0
161 61 0
408 69 0
326 266 0
237 405 0
399 434 0
109 1 0
301 180 0
427 461 0
373 199 0
19 146 0
68 188 0
392 67 0
213 412 0
405 226 0
184 355 0
440 112 0
416 375 0
180 269 0
408 184 0
441 334 0
146 77 0
102 214 0
24 56 0
202 397 0
255 220 0
310 90 0
176 229 0
157 388 0
408 329 0
382 119 0
211 117 0
230 394 0
259 177 0
190 195 0
361 398 0
296 274 0
2 398 0
15 26 0
221 216 0
190 3 0
203 27 0
93 378 0
255 17 0
62 191 0
345 211 0
77 323 0
327 75 0
245 113 0
19 202 0
75 147 0
128 371 0
420 369 0
64 202 0
162 284 0
185 119 0
55 156 0
145 387 0
61 168 0
171 362 0
126 283 0
100 442 0
133 194 0
284 145 0
75 303 0
115 149 0
449 242 0
287 165 0
378 350 0
134 308 0
402 319 0
426 224 0
2 99 0
138 302 0
34 308 0
192 159 0
118 59 0
368 18 0
21 180 0
163 95 0
10 277 0
11 226 0
286 298 0
390 431 0
415 52 0
266 112 0
138 220 0
335 379 0
86 240 0
208 119 0
315 167 0
45 200 0
466 180 0
218 14 0
359 148 0
348 136 0
192 358 0
130 245 0
423 47 0
203 366 0
338 469 0
245 243 0
456 108 0
149 69 0
115 125 0
427 430 0
291 239 0
157 52 0
418 142 0
65 73 0
289 412 0
448 248 0
66 105 0
20 16 0
392 463 0
227 394 0
268 210 0
29 184 0
46 383 0
308 240 0
340 367 0
246 25 0
418 431 0
406 251 0
31 223 0
430 7 0
238 23 0
351 258 0
39 270 0
248 187 0
295 242 0
108 90 0
451 376 0
273 264 0
287 349 0
31 394 0
243 44 0
186 428 0
2 120 0
206 273 0
342 164 0
47 107 0
426 397 0
132 232 0
195 147 0
419 17 0
388 294 0
346 134 0
438 386 0
397 20 0
262 195 0
413 272 0
238 127 0
228 240 0
246 201 0
40 355 0
132 86 0
229 86 0
250 361 0
317 444 0
275 31 0
228 191 0
93 341 0
92 58 0
77 284 0
211 17 0
324 217 0
383 319 0
224 156 0
47 263 0
38 179 0
116 35 0
32 365 0
395 116 0
105 437 0
147 332 0
395 239 0
201 15 0
64 223 0
31 380 0
274 9 0
396 125 0
465 307 0
443 216 0
230 258 0
6 36 0
436 361 0
70 467 0
254 232 0
110 358 0
196 24 0
457 119 0
30 425 0
133 333 0
415 403 0
240 217 0
179 164 0
109 172 0
238 320 0
387 467 0
105 161 0
270 308 0
49 339 0
98 419 0
195 294 0
211 180 0
180 240 0
132 312 0
101 75 0
10 108 0
59 188 0
271 407 0
359 276 0
254 274 0
39 126 0
434 308 0
433 250 0
175 270 0
320 40 0
217 42 0
333 427 0
221 40 0
434 121 0
119 302 0
435 128 0
410 261 0
316 448 0
195 442 0
20 449 0
243 58 0
342 444 0
133 71 0
222 75 0
340 309 0
115 324 0
350 447 0
46 339 0
255 8 0
227 141 0
77 189 0
269 254 0
449 352 0
230 171 0
321 17 0
387 332 0
74 257 0
71 446 0
327 60 0
49 434 0
368 163 0
286 14 0
377 331 0
352 399 0
68 423 0
62 104 0
204 278 0
455 201 0
448 71 0
217 131 0
170 58 0
155 241 0
32 249 0
300 80 0
210 436 0
242 263 0
449 386 0
362 328 0
313 467 0
201 380 0
185 30 0
11 389 0
307 233 0
357 282 0
71 102 0
180 241 0
159 334 0
249 430 0
110 316 0
37 88 0
279 46 0
350 255 0
432 239 0
350 40 0
2 318 0
419 186 0
347 197 0
342 181 0
197 227 0
231 35 0
96 410 0
275 254 0
40 291 0
452 389 0
135 16 0
4 413 0
302 122 0
436 29 0
360 313 0
68 361 0
399 14 0
315 273 0
450 184 0
454 174 0
410 452 0
448 273 0
389 251 0
295 196 0
309 274 0
113 443 0
57 356 0
152 358 0
5 115 0
386 133 0
195 453 0
261 121 0
234 103 0
162 211 0
287 383 0
152 464 0
362 128 0
265 46 0
146 87 0
242 222 0
128 122 0
193 184 0
5 112 0
70 250 0
226 223 0
382 188 0
204 170 0
77 205 0
41 238 0
184 327 0
388 103 0
86 277 0
470 118 0
322 383 0
444 91 0
133 99 0
452 325 0
51 457 0
436 120 0
2 429 0
110 383 0
384 81 0
320 460 0
286 360 0
465 469 0
454 380 0
339 308 0
424 337 0
425 274 0
247 165 0
132 379 0
31 112 0
471 81 0
336 434 0
440 337 0
158 78 0
15 70 0
158 102 0
297 211 0
462 58 0
447 211 0
205 314 0
46 157 0
178 239 0
198 192 0
403 329 0
99 201 0
208 97 0
282 71 0
299 17 0
175 456 0
334 429 0
53 20 0
470 288 0
175 445 0
26 379 0
286 72 0
63 231 0
310 260 0
422 8 0
357 288 0
208 92 0
385 257 0
403 451 0
274 345 0
434 375 0
302 255 0
394 128 0
372 160 0
415 314 0
132 208 0
220 185 0
279 51 0
183 356 0
78 132 0
363 202 0
188 339 0
62 340 0
123 464 0
318 164 0
336 279 0
67 405 0
301 228 0
300 440 0
387 242 0
281 286 0
450 269 0
470 24 0
319 180 0
380 164 0
80 38 0
134 35 0
376 195 0
374 267 0
186 219 0
430 289 0
265 264 0
462 94 0
260 289 0
61 174 0
299 342 0
228 44 0
378 465 0
67 464 0
413 214 0
155 20 0
252 288 0
294 155 0
10 195 0
421 435 0
413 147 0
20 445 0
410 9 0
66 197 0
297 367 0
139 363 0
4 366 0
406 381 0
126 1 0
372 66 0
454 294 0
325 233 0
350 146 0
388 359 0
340 104 0
90 48 0
250 109 0
21 428 0
117 326 0
392 181 0
220 298 0
72 463 0
431 245 0
371 85 0
245 38 0
150 467 0
332 3 0
227 209 0
148 382 0
335 256 0
14 192 0
303 31 0
300 91 0
226 184 0
417 146 0
365 404 0
443 204 0
395 402 0
448 61 0
14 461 0
339 163 0
455 198 0
405 209 0
174 81 0
336 372 0
468 406 0
170 295 0
265 396 0
7 209 0
69 139 0
380 279 0
342 70 0
208 85 0
371 461 0
73 237 0
392 55 0
202 324 0
32 375 0
404 390 0
178 35 0
57 173 0
209 226 0
468 1 0
389 242 0
449 225 0
380 356 0
32 17 0
194 7 0
101 92 0
236 414 0
96 155 0
468 297 0
6 267 0
199 178 0
424 144 0
452 248 0
85 188 0
242 320 0
188 158 0
89 164 0
383 236 0
288 182 0
252 249 0
188 120 0
108 423 0
61 203 0
345 297 0
27 351 0
331 465 0
296 283 0
376 275 0
58 460 0
463 299 0
307 418 0
225 163 0
110 135 0
398 165 0
316 417 0
413 271 0
65 48 0
462 125 0
250 334 0
189 44 0
452 48 0
276 275 0
330 419 0
318 155 0
407 308 0
222 9 0
253 446 0
172 130 0
348 97 0
294 431 0
282 234 0
229 346 0
49 458 0
238 66 0
88 195 0
109 67 0
242 152 0
110 339 0
99 427 0
21 273 0
262 10 0
49 282 0
455 220 0
180 98 0
85 1 0
56 366 0
3 53 0
7 291 0
38 12 0
357 125 0
206 465 0
432 447 0
385 69 0
81 251 0
263 342 0
291 292 0
351 339 0
101 102 0
87 280 0
199 411 0
49 255 0
72 291 0
307 78 0
109 112 0
329 465 0
237 63 0
226 436 0
277 378 0
272 358 0
156 62 0
227 446 0
353 345 0
80 221 0
446 406 0
29 173 0
344 317 0
427 415 0
375 261 0
260 11 0
372 357 0
244 376 0
187 237 0
107 463 0
142 378 0
116 297 0
439 110 0
38 319 0
455 357 0
68 428 0
291 336 0
128 162 0
420 322 0
345 322 0
350 372 0
100 18 0
24 343 0
393 210 0
107 268 0
441 16 0
173 84 0
80 380 0
434 117 0
466 416 0
2 301 0
139 60 0
164 35 0
461 351 0
356 333 0
440 234 0
1 68 0
251 24 0
178 411 0
2 53 0
446 442 0
68 147 0
293 148 0
294 254 0
32 287 0
437 273 0
116 104 0
332 47 0
378 321 0
166 29 0
421 133 0
262 189 0
200 280 0
213 378 0
459 214 0
198 200 0
423 265 0
114 243 0
180 407 0
25 212 0
222 461 0
252 105 0
332 112 0
151 237 0
200 316 0
266 148 0
217 295 0
337 416 0
343 317 0
89 97 0
296 248 0
319 410 0
18 26 0
112 282 0
5 333 0
39 257 0
205 370 0
136 124 0
375 335 0
207 408 0
250 423 0
470 354 0
438 223 0
204 263 0
277 268 0
278 363 0
445 64 0
156 84 0
345 161 0
185 383 0
185 389 0
49 320 0
40 423 0
422 247 0
358 439 0
197 355 0
321 331 0
463 286 0
322 434 0
317 126 0
229 122 0
256 201 0
425 411 0
285 298 0
339 237 0
448 51 0
153 24 0
138 193 0
214 327 0
294 403 0
222 142 0
30 452 0
195 351 0
413 39 0
244 410 0
401 27 0
378 353 0
437 190 0
418 304 0
194 162 0
122 347 0
185 260 0
307 399 0
114 41 0
265 175 0
211 254 0
316 240 0
233 279 0
358 414 0
317 129 0
351 13 0
395 256 0
134 360 0
214 319 0
431 407 0
8 320 0
49 193 0
347 355 0
359 229 0
395 151 0
403 134 0
173 15 0
141 405 0
293 27 0
114 377 0
155 232 0
390 78 0
16 291 0
205 469 0
137 403 0
171 385 0
250 220 0
345 365 0
102 231 0
121 265 0
149 51 0
398 89 0
65 66 0
22 357 0
92 375 0
262 15 0
135 419 0
332 390 0
5 64 0
386 381 0
234 324 0
293 251 0
71 165 0
143 413 0
163 263 0
205 80 0
314 130 0
168 146 0
435 429 0
31 295 0
332 60 0
309 234 0
246 168 0
151 250 0
471 64 0
158 472 0
387 219 0
250 226 0
151 393 0
166 82 0
183 370 0
401 264 0
267 336 0
410 229 0
293 208 0
291 392 0
267 127 0
393 40 0
62 71 0
57 300 0
374 214 0
299 56 0
200 77 0
281 351 0
237 214 0
432 419 0
111 360 0
211 145 0
223 388 0
374 283 0
123 432 0
442 389 0
87 362 0
196 388 0
432 252 0
456 101 0
233 282 0
157 433 0
126 437 0
79 362 0
77 57 0
165 55 0
202 387 0
442 343 0
438 92 0
302 175 0
248 156 0
65 443 0
72 264 0
462 295 0
365 222 0
104 49 0
422 470 0
253 28 0
127 431 0
305 203 0
256 469 0
257 457 0
152 226 0
95 357 0
85 164 0
59 332 0
320 123 0
302 159 0
155 59 0
453 47 0
49 324 0
335 470 0
89 115 0
266 216 0
314 338 0
186 97 0
335 443 0
321 254 0
436 415 0
138 289 0
106 436 0
148 193 0
87 218 0
351 9 0
276 99 0
55 324 0
191 389 0
90 279 0
31 123 0
22 344 0
460 208 0
208 322 0
418 56 0
343 149 0
238 248 0
437 112 0
212 353 0
304 66 0
98 423 0
74 141 0
289 128 0
465 7 0
284 322 0
286 82 0
444 75 0
426 431 0
50 401 0
49 467 0
457 391 0
384 222 0
407 348 0
333 146 0
468 405 0
211 93 0
123 284 0
234 411 0
179 466 0
418 462 0
83 471 0
71 54 0
73 264 0
252 123 0
193 300 0
357 417 0
459 268 0
166 161 0
384 267 0
306 379 0
439 284 0
240 89 0
95 241 0
267 41 0
2 212 0
30 84 0
210 340 0
137 51 0
372 156 0
413 92 0
224 297 0
36 450 0
333 441 0
138 244 0
3 443 0
390 209 0
254 397 0
165 92 0
156 166 0
71 425 0
17 49 0
60 393 0
339 431 0
77 279 0
290 300 0
103 93 0
277 435 0
62 414 0
446 304 0
152 132 0
41 173 0
56 105 0
288 461 0
436 211 0
394 35 0
163 411 0
323 222 0
99 189 0
421 175 0
467 238 0
242 337 0
331 286 0
68 160 0
467 41 0
231 146 0
412 271 0
318 236 0
144 373 0
464 107 0
111 385 0
381 41 0
91 231 0
263 190 0
187 451 0
132 181 0
216 374 0
286 314 0
427 353 0
241 422 0
161 472 0
335 101 0
38 421 0
336 181 0
321 327 0
56 200 0
7 436 0
240 98 0
435 270 0
55 389 0
248 426 0
338 232 0
327 151 0
73 50 0
31 314 0
471 191 0
81 101 0
291 118 0
49 394 0
67 138 0
16 122 0
337 23 0
325 344 0
360 55 0
142 182 0
444 157 0
135 309 0
388 230 0
459 461 0
279 17 0
70 45 0
447 150 0
145 266 0
35 194 0
427 101 0
99 443 0
462 203 0
233 315 0
74 120 0
137 455 0
69 108 0
140 203 0
184 55 0
432 170 0
283 6 0
426 120 0
37 195 0
434 72 0
172 22 0
126 162 0
224 126 0
244 65 0
13 380 0
48 81 0
16 427 0
52 439 0
249 11 0
137 300 0
257 330 0
419 306 0
26 456 0
268 227 0
55 191 0
383 466 0
452 276 0
395 203 0
402 166 0
36 182 0
314 83 0
263 97 0
277 314 0
63 53 0
92 199 0
120 348 0
297 67 0
422 90 0
290 457 0
317 112 0
416 467 0
105 395 0
270 268 0
126 439 0
433 401 0
149 274 0
11 179 0
370 55 0
20 433 0
347 351 0
399 467 0
467 463 0
61 416 0
81 118 0
168 165 0
229 111 0
159 101 0
34 196 0
368 399 0
403 97 0
327 319 0
138 105 0
25 276 0
399 284 0
236 273 0
267 396 0
161 95 0
107 241 0
212 275 0
405 208 0
385 331 0
309 186 0
54 444 0
352 456 0
68 446 0
70 206 0
318 94 0
249 244 0
145 252 0
45 75 0
181 311 0
238 109 0
406 345 0
349 385 0
147 49 0
121 299 0
147 197 0
253 201 0
168 132 0
424 4 0
106 22 0
449 191 0
355 225 0
435 268 0
4 7 0
110 424 0
85 347 0
61 18 0
219 177 0
171 133 0
466 291 0
432 140 0
15 212 0
108 422 0
111 300 0
193 456 0
89 169 0
175 211 0
393 137 0
6 164 0
383 355 0
116 467 0
230 416 0
13 216 0
120 183 0
349 353 0
241 76 0
21 23 0
287 368 0
212 165 0
195 405 0
149 283 0
101 91 0
22 262 0
227 267 0
193 137 0
150 308 0
131 147 0
19 383 0
362 379 0
333 238 0
259 341 0
81 47 0
363 367 0
415 343 0
275 216 0
188 375 0
306 449 0
404 300 0
243 125 0
436 392 0
200 334 0
306 219 0
13 196 0
125 113 0
201 383 0
222 282 0
430 352 0
416 140 0
222 243 0
276 24 0
458 231 0
167 59 0
207 98 0
358 450 0
222 89 0
137 190 0
423 443 0
408 203 0
406 60 0
83 134 0
210 304 0
415 407 0
184 127 0
74 405 0
137 118 0
429 123 0
348 363 0
181 83 0
460 307 0
300 450 0
395 204 0
167 113 0
414 102 0
315 347 0
401 398 0
249 378 0
469 431 0
313 180 0
85 386 0
353 222 0
271 309 0
112 147 0
199 60 0
469 426 0
366 64 0
403 289 0
35 337 0
401 449 0
206 12 0
91 134 0
177 339 0
280 173 0
298 120 0
353 382 0
273 1 0
371 72 0
77 10 0
458 43 0
70 222 0
468 203 0
53 167 0
19 87 0
31 188 0
63 5 0
199 154 0
378 375 0
75 85 0
304 195 0
235 105 0
195 133 0
416 271 0
383 169 0
313 220 0
390 77 0
422 210 0
243 441 0
296 41 0
156 127 0
45 354 0
48 423 0
24 307 0
135 98 0
392 207 0
61 394 0
79 255 0
54 22 0
294 204 0
190 374 0
423 347 0
450 373 0
84 220 0
109 147 0
29 32 0
273 73 0
385 320 0
263 176 0
395 398 0
273 314 0
132 101 0
3 210 0
124 296 0
471 417 0
28 428 0
318 450 0
70 296 0
118 393 0
283 226 0
67 311 0
257 340 0
152 409 0
427 414 0
112 349 0
339 153 0
430 238 0
253 432 0
215 144 0
24 453 0
88 51 0
176 174 0
28 245 0
237 386 0
165 47 0
139 472 0
126 396 0
107 277 0
332 61 0
458 212 0
178 93 0
364 375 0
330 384 0
103 313 0
56 126 0
293 383 0
176 237 0
84 443 0
9 88 0
356 414 0
375 23 0
413 28 0
186 47 0
72 285 0
347 57 0
264 292 0
149 395 0
195 247 0
307 297 0
87 130 0
422 147 0
280 365 0
151 132 0
335 160 0
219 459 0
341 121 0
249 49 0
388 434 0
95 227 0
14 209 0
284 278 0
29 200 0
200 223 0
446 274 0
287 300 0
171 236 0
215 451 0
128 365 0
110 230 0
292 328 0
456 160 0
217 232 0
208 372 0
433 70 0
127 215 0
279 410 0
20 75 0
137 459 0
65 351 0
261 351 0
114 160 0
409 9 0
293 286 0
6 112 0
382 462 0
40 126 0
461 15 0
25 190 0
85 151 0
404 131 0
328 423 0
445 233 0
409 37 0
351 437 0
387 296 0
396 28 0
224 100 0
276 44 0
386 49 0
395 63 0
278 434 0
188 267 0
449 452 0
456 301 0
371 387 0
431 466 0
105 403 0
226 41 0
439 344 0
246 121 0
168 169 0
148 159 0
36 191 0
202 189 0
239 364 0
251 45 0
326 206 0
79 70 0
426 302 0
370 324 0
216 96 0
317 320 0
266 311 0
128 232 0
182 373 0
352 117 0
309 267 0
275 113 0
225 244 0
69 231 0
136 320 0
43 229 0
293 121 0
298 246 0
422 435 0
97 405 0
58 182 0
20 323 0
260 388 0
322 209 0
56 441 0
326 133 0
3 368 0
245 467 0
380 313 0
225 283 0
400 268 0
279 221 0
156 104 0
466 346 0
306 331 0
40 66 0
453 299 0
453 70 0
275 36 0
38 128 0
408 280 0
264 180 0
274 411 0
261 266 0
461 428 0
61 267 0
176 457 0
370 410 0
330 203 0
268 375 0
333 75 0
440 81 0
141 188 0
150 415 0
464 427 0
311 399 0
234 102 0
107 275 0
280 135 0
68 268 0
90 369 0
62 34 0
353 199 0
443 210 0
169 238 0
112 269 0
312 320 0
349 452 0
35 26 0
394 26 0
220 472 0
425 221 0
341 299 0
23 148 0
433 330 0
183 290 0
226 244 0
323 346 0
210 293 0
83 378 0
298 435 0
174 377 0
282 290 0
124 84 0
83 46 0
110 302 0
285 302 0
290 154 0
128 312 0
301 328 0
410 12 0
145 403 0
23 236 0
277 233 0
56 359 0
378 122 0
89 80 0
26 370 0
137 150 0
454 220 0
435 331 0
289 247 0
160 107 0
400 55 0
186 469 0
382 123 0
8 294 0
54 270 0
57 330 0
30 353 0
456 408 0
2 73 0
255 27 0
210 391 0
416 431 0
57 195 0
393 216 0
301 320 0
270 14 0
137 91 0
241 430 0
361 297 0
55 158 0
177 38 0
93 418 0
350 115 0
213 88 0
274 156 0
286 179 0
302 343 0
373 222 0
326 201 0
69 364 0
455 153 0
310 359 0
11 78 0
316 371 0
143 370 0
297 87 0
175 157 0
33 53 0
272 245 0
380 73 0
168 433 0
19 469 0
303 160 0
218 397 0
128 55 0
288 110 0
447 125 0
468 457 0
443 79 0
124 113 0
448 420 0
439 391 0
104 471 0
211 143 0
11 358 0
455 419 0
415 389 0
161 401 0
313 56 0
223 128 0
166 437 0
252 161 0
189 462 0
8 312 0
102 223 0
27 69 0
141 371 0
307 351 0
41 86 0
236 264 0
32 322 0
265 214 0
238 193 0
382 318 0
248 372 0
445 181 0
336 464 0
110 293 0
454 117 0
372 323 0
339 399 0
159 248 0
65 234 0
126 105 0
319 130 0
368 118 0
219 400 0
99 456 0
360 249 0
69 376 0
388 41 0
324 20 0
272 433 0
312 21 0
317 211 0
344 184 0
377 270 0
431 441 0
31 324 0
314 117 0
221 449 0
234 439 0
145 101 0
190 32 0
117 258 0
175 32 0
66 267 0
51 338 0
227 362 0
358 72 0
101 469 0
23 245 0
267 221 0
214 297 0
312 55 0
414 61 0
31 415 0
267 175 0
283 457 0
447 399 0
10 389 0
431 76 0
183 249 0
181 178 0
139 306 0
17 7 0
303 39 0
251 337 0
27 232 0
161 338 0
286 342 0
166 317 0
53 433 0
259 335 0
417 233 0
30 194 0
390 228 0
269 100 0
4 449 0
277 382 0
283 293 0
388 353 0
99 407 0
217 125 0
166 145 0
231 452 0
15 396 0
64 307 0
356 90 0
409 68 0
91 438 0
262 8 0
193 298 0
347 437 0
43 152 0
346 93 0
212 30 0
445 79 0
436 429 0
203 129 0
101 201 0
348 355 0
125 179 0
189 248 0
37 126 0
84 127 0
331 345 0
374 292 0
410 248 0
256 452 0
167 129 0
72 147 0
158 284 0
225 361 0
240 195 0
258 109 0
396 133 0
463 48 0
80 420 0
63 116 0
313 146 0
10 411 0
258 383 0
230 196 0
158 13 0
415 93 0
382 15 0
239 307 0
66 463 0
436 74 0
185 221 0
182 108 0
121 412 0
395 440 0
127 458 0
83 439 0
371 92 0
146 157 0
242 375 0
352 400 0
156 294 0
20 305 0
76 258 0
379 142 0
16 342 0
215 200 0
90 164 0
308 451 0
103 470 0
418 470 0
455 269 0
204 354 0
128 349 0
278 370 0
252 157 0
65 175 0
218 324 0
7 62 0
443 364 0
255 425 0
91 112 0
116 166 0
90 458 0
164 36 0
455 386 0
304 427 0
35 431 0
303 312 0
96 82 0
468 160 0
256 454 0
11 30 0
283 359 0
415 253 0
250 437 0
205 109 0
76 88 0
274 406 0
313 205 0
441 64 0
119 40 0
18 153 0
465 334 0
170 228 0
21 193 0
449 272 0
223 259 0
158 405 0
39 176 0
369 11 0
284 444 0
338 325 0
377 419 0
58 113 0
10 176 0
392 267 0
96 158 0
354 88 0
259 51 0
84 47 0
12 60 0
318 234 0
319 244 0
406 125 0
187 302 0
376 470 0
41 9 0
90 186 0
427 147 0
298 204 0
238 426 0
383 120 0
41 169 0
410 364 0
455 421 0
424 69 0
422 38 0
80 355 0
402 266 0
424 305 0
31 465 0
82 120 0
178 276 0
35 243 0
8 364 0
468 13 0
317 378 0
132 126 0
314 70 0
17 65 0
258 208 0
133 208 0
245 212 0
330 175 0
5 282 0
247 35 0
42 328 0
394 219 0
132 428 0
229 379 0
88 225 0
391 404 0
370 51 0
297 452 0
360 314 0
44 145 0
289 176 0
120 62 0
155 450 0
236 159 0
27 10 0
433 68 0
338 354 0
54 237 0
78 50 0
143 165 0
42 61 0
336 412 0
351 401 0
159 238 0
10 202 0
151 298 0
359 299 0
15 362 0
457 41 0
372 185 0
348 5 0
306 401 0
9 383 0
219 151 0
315 260 0
451 419 0
439 330 0
347 125 0
335 124 0
94 13 0
421 238 0
51 308 0
64 65 0
197 288 0
346 336 0
472 221 0
108 306 0
390 116 0
456 376 0
34 67 0
163 13 0
253 370 0
110 367 0
262 444 0
18 356 0
225 438 0
121 275 0
41 185 0
107 6 0
472 452 0
109 240 0
441 217 0
73 126 0
100 296 0
29 134 0
362 191 0
146 382 0
328 255 0
276 118 0
466 293 0
241 458 0
27 361 0
28 67 0
313 135 0
312 313 0
354 421 0
320 90 0
405 160 0
215 32 0
455 243 0
165 113 0
202 310 0
22 57 0
332 298 0
414 94 0
118 182 0
79 144 0
71 347 0
451 151 0
9 290 0
231 130 0
6 78 0
220 410 0
237 202 0
442 220 0
445 134 0
100 174 0
212 121 0
470 311 0
418 412 0
172 304 0
121 251 0
215 431 0
125 193 0
110 373 0
251 340 0
270 256 0
418 257 0
194 182 0
459 403 0
169 199 0
64 268 0
372 43 0
389 369 0
122 102 0
76 293 0
173 197 0
311 388 0
395 435 0
348 32 0
103 366 0
140 141 0
390 85 0
397 111 0
34 151 0
281 443 0
155 394 0
385 44 0
264 460 0
336 436 0
424 175 0
119 347 0
377 235 0
146 248 0
368 285 0
388 285 0
137 80 0
231 443 0
381 107 0
83 146 0
123 5 0
308 275 0
48 99 0
30 383 0
302 454 0
325 189 0
96 230 0
423 241 0
245 318 0
294 160 0
371 430 0
7 61 0
368 237 0
32 276 0
112 114 0
190 234 0
118 25 0
276 405 0
363 305 0
315 192 0
54 408 0
380 149 0
405 98 0
158 177 0
184 451 0
104 82 0
176 110 0
382 72 0
347 413 0
115 226 0
294 72 0
227 179 0
336 30 0
111 226 0
334 194 0
186 388 0
129 333 0
304 61 0
199 461 0
237 382 0
439 340 0
231 383 0
217 140 0
454 331 0
321 336 0
84 142 0
176 310 0
321 39 0
107 199 0
33 209 0
392 458 0
364 48 0
86 195 0
348 284 0
424 112 0
433 158 0
219 191 0
68 204 0
99 289 0
62 419 0
153 146 0
223 416 0
134 98 0
143 166 0
306 302 0
391 197 0
118 5 0
159 465 0
345 17 0
268 331 0
447 335 0
62 73 0
152 124 0
259 72 0
37 115 0
167 27 0
58 68 0
124 200 0
2 197 0
30 392 0
161 387 0
396 320 0
379 452 0
197 251 0
468 232 0
350 210 0
95 411 0
283 14 0
302 309 0
423 259 0
133 9 0
326 256 0
448 327 0
221 245 0
247 381 0
159 410 0
468 306 0
389 193 0
324 152 0
424 201 0
130 286 0
140 180 0
67 209 0
16 391 0
315 439 0
177 447 0
215 271 0
470 430 0
125 218 0
203 139 0
127 129 0
77 122 0
434 233 0
153 34 0
14 282 0
87 393 0
461 154 0
370 4 0
72 212 0
210 17 0
186 424 0
287 183 0
150 179 0
169 352 0
318 63 0
8 394 0
424 210 0
154 34 0
23 306 0
307 276 0
355 393 0
437 343 0
314 334 0
115 154 0
313 324 0
170 26 0
44 224 0
448 193 0
402 384 0
312 247 0
446 87 0
408 398 0
64 90 0
431 86 0
163 33 0
193 334 0
156 35 0
435 38 0
188 275 0
130 125 0
68 173 0
348 43 0
133 45 0
427 212 0
292 168 0
66 227 0
93 130 0
84 291 0
455 15 0
323 112 0
300 284 0
213 223 0
318 175 0
261 33 0
217 390 0
157 284 0
330 272 0
327 230 0
316 49 0
209 375 0
216 274 0
370 77 0
403 221 0
135 386 0
235 226 0
265 302 0
37 6 0
293 354 0
420 81 0
154 165 0
238 78 0
216 335 0
349 70 0
332 432 0
358 68 0
335 342 0
341 232 0
186 40 0
220 320 0
425 223 0
73 457 0
52 349 0
230 344 0
470 178 0
192 151 0
110 197 0
228 325 0
59 344 0
163 390 0
304 288 0
225 406 0
397 94 0
405 110 0
133 152 0
198 325 0
374 38 0
309 194 0
387 67 0
305 384 0
12 265 0
63 361 0
461 58 0
453 288 0
170 143 0
445 1 0
199 198 0
174 123 0
59 106 0
233 431 0
25 430 0
283 399 0
467 359 0
360 149 0
193 192 0
61 444 0
224 363 0
100 213 0
188 81 0
268 357 0
463 240 0
357 189 0
437 58 0
312 263 0
403 312 0
221 428 0
37 271 0
122 271 0
398 9 0
420 118 0
440 248 0
330 192 0
138 429 0
172 325 0
277 439 0
450 268 0
206 334 0
224 411 0
201 330 0
142 422 0
285 418 0
220 174 0
217 145 0
422 404 0
31 390 0
419 128 0
349 324 0
324 48 0
176 129 0
14 393 0
164 459 0
255 387 0
397 182 0
218 126 0
279 127 0
75 332 0
33 57 0
447 455 0
228 245 0
140 174 0
140 16 0
25 463 0
63 440 0
359 316 0
361 50 0
302 383 0
437 227 0
332 182 0
120 138 0
469 148 0
23 270 0
204 237 0
252 199 0
249 391 0
372 388 0
174 396 0
379 236 0
364 265 0
319 20 0
315 148 0
402 47 0
374 261 0
468 21 0
398 71 0
222 163 0
219 245 0
432 190 0
249 211 0
389 26 0
369 288 0
413 70 0
452 87 0
73 111 0
352 391 0
130 434 0
306 59 0
87 243 0
236 252 0
313 458 0
414 299 0
230 373 0
17 246 0
351 173 0
271 15 0
460 212 0
324 207 0
66 396 0
317 417 0
82 446 0
146 388 0
272 393 0
363 358 0
163 366 0
351 79 0
70 348 0
220 86 0
122 338 0
258 392 0
353 14 0
371 204 0
220 437 0
368 305 0
149 449 0
278 63 0
132 318 0
455 262 0
203 386 0
156 108 0
157 34 0
427 226 0
382 174 0
80 31 0
39 105 0
190 159 0
358 329 0
363 346 0
61 258 0
178 209 0
2 223 0
271 374 0
68 22 0
163 39 0
407 86 0
146 331 0
120 100 0
324 269 0
41 403 0
67 320 0
276 256 0
6 161 0
352 136 0
274 412 0
161 451 0
149 163 0
202 187 0
304 37 0
208 466 0
75 382 0
320 461 0
240 207 0
328 92 0
3 137 0
262 69 0
456 65 0
92 229 0
466 212 0
365 267 0
151 53 0
246 299 0
455 215 0
254 286 0
251 461 0
48 94 0
139 367 0
82 378 0
101 409 0
469 343 0
73 259 0
179 296 0
91 38 0
53 84 0
249 185 0
119 400 0
5 364 0
466 228 0
346 247 0
41 364 0
4 328 0
457 142 0
222 66 0
287 90 0
243 52 0
432 83 0
78 138 0
379 168 0
176 199 0
20 424 0
151 138 0
351 155 0
269 113 0
382 142 0
359 191 0
273 130 0
46 258 0
39 36 0
91 326 0
125 101 0
377 85 0
184 454 0
462 330 0
389 405 0
56 176 0
357 446 0
313 3 0
115 278 0
258 242 0
468 59 0
139 281 0
316 178 0
316 174 0
271 209 0
275 175 0
61 458 0
396 50 0
83 80 0
455 138 0
256 107 0
351 336 0
349 6 0
213 464 0
51 238 0
1 286 0
296 139 0
84 178 0
81 354 0
154 123 0
296 214 0
108 459 0
67 254 0
95 90 0
360 445 0
193 236 0
218 173 0
467 37 0
411 235 0
322 2 0
374 424 0
381 457 0
130 229 0
107 51 0
351 402 0
265 226 0
389 64 0
183 223 0
317 45 0
80 444 0
257 272 0
447 242 0
445 442 0
278 383 0
444 368 0
152 345 0
319 60 0
98 216 0
56 204 0
267 174 0
373 299 0
399 289 0
130 349 0
279 446 0
393 358 0
185 177 0
158 159 0
419 370 0
368 224 0
48 340 0
359 199 0
452 206 0
27 317 0
189 82 0
48 455 0
24 189 0
49 422 0
245 178 0
67 52 0
391 459 0
177 103 0
164 102 0
30 350 0
471 165 0
341 286 0
32 228 0
13 252 0
201 39 0
96 389 0
360 384 0
140 383 0
100 428 0
101 112 0
134 167 0
163 52 0
153 340 0
395 84 0
209 424 0
201 208 0
356 70 0
21 156 0
65 273 0
407 265 0
311 270 0
421 439 0
421 328 0
349 288 0
284 449 0
400 185 0
383 90 0
4 64 0
197 398 0
387 406 0
117 116 0
381 1 0
425 169 0
156 17 0
442 330 0
49 48 0
127 237 0
254 76 0
93 131 0
363 144 0
347 290 0
328 258 0
148 99 0
89 112 0
265 243 0
285 381 0
126 193 0
149 78 0
130 72 0
94 99 0
169 142 0
386 64 0
147 168 0
379 7 0
66 37 0
150 180 0
327 245 0
205 242 0
343 61 0
121 135 0
304 406 0
284 429 0
126 200 0
35 23 0
40 368 0
361 208 0
278 275 0
39 424 0
210 417 0
430 275 0
454 107 0
222 76 0
119 427 0
317 229 0
15 437 0
364 318 0
370 415 0
43 264 0
382 317 0
54 421 0
212 415 0
397 17 0
457 435 0
208 194 0
380 165 0
236 129 0
39 457 0
204 157 0
411 48 0
154 194 0
252 285 0
279 390 0
227 321 0
421 376 0
165 2 0
325 145 0
184 17 0
401 168 0
219 137 0
361 366 0
301 364 0
22 108 0
117 225 0
32 55 0
40 185 0
16 60 0
469 295 0
449 463 0
367 76 0
406 459 0
220 118 0
3 148 0
285 221 0
284 414 0
355 353 0
305 376 0
460 421 0
129 259 0
244 168 0
444 259 0
227 440 0
321 443 0
199 464 0
375 93 0
307 309 0
79 54 0
194 321 0
441 6 0
309 21 0
187 191 0
141 260 0
95 368 0
448 463 0
154 459 0
158 125 0
246 153 0
333 94 0
363 59 0
325 266 0
391 159 0
342 237 0
452 63 0
85 189 0
308 393 0
209 263 0
352 349 0
50 214 0
12 25 0
204 165 0
12 129 0
58 25 0
49 158 0
358 412 0
456 451 0
445 374 0
377 82 0
138 357 0
384 462 0
73 459 0
150 49 0
249 29 0
165 298 0
242 176 0
91 213 0
108 342 0
342 165 0
134 390 0
322 259 0
97 73 0
237 69 0
446 142 0
150 351 0
266 301 0
340 106 0
288 258 0
154 64 0
286 318 0
130 296 0
261 460 0
36 368 0
329 145 0
301 230 0
63 390 0
16 159 0
463 253 0
468 204 0
162 385 0
323 195 0
214 430 0
300 29 0
215 221 0
92 269 0
306 221 0
208 367 0
229 304 0
40 57 0
61 102 0
447 317 0
28 205 0
97 23 0
408 26 0
408 258 0
220 389 0
216 287 0
417 430 0
35 36 0
466 340 0
25 85 0
433 472 0
220 429 0
14 372 0
128 460 0
216 395 0
192 80 0
418 367 0
105 121 0
153 92 0
37 136 0
378 221 0
333 180 0
24 327 0
47 48 0
179 247 0
288 398 0
204 359 0
184 457 0
26 79 0
444 242 0
2 403 0
321 187 0
65 194 0
75 457 0
285 351 0
120 431 0
99 221 0
378 362 0
315 425 0
410 21 0
439 465 0
419 410 0
119 370 0
394 144 0
217 133 0
385 458 0
303 234 0
172 368 0
195 14 0
352 247 0
364 240 0
445 230 0
460 351 0
71 296 0
90 37 0
56 36 0
447 174 0
174 368 0
318 158 0
269 470 0
143 99 0
471 314 0
466 193 0
95 346 0
440 226 0
353 412 0
223 340 0
290 109 0
409 360 0
405 26 0
165 460 0
302 379 0
402 243 0
42 15 0
400 310 0
12 70 0
409 11 0
151 402 0
443 245 0
43 178 0
238 395 0
118 460 0
30 175 0
96 438 0
303 268 0
232 235 0
256 301 0
141 425 0
71 182 0
439 238 0
20 450 0
75 428 0
228 225 0
125 199 0
237 168 0
144 2 0
90 261 0
229 120 0
204 324 0
325 274 0
120 324 0
36 143 0
152 416 0
95 462 0
125 301 0
227 384 0
278 301 0
107 274 0
293 232 0
240 297 0
399 383 0
66 256 0
412 294 0
143 383 0
386 236 0
184 33 0
87 459 0
415 7 0
402 37 0
468 294 0
337 223 0
446 382 0
291 80 0
423 352 0
311 190 0
176 5 0
341 242 0
29 280 0
303 171 0
190 216 0
174 141 0
16 261 0
367 430 0
267 64 0
234 30 0
125 338 0
252 98 0
248 311 0
178 198 0
190 256 0
156 133 0
261 24 0
142 289 0
71 213 0
227 28 0
428 401 0
168 444 0
429 62 0
169 463 0
365 403 0
20 17 0
268 40 0
115 283 0
118 60 0
249 75 0
315 404 0
207 103 0
195 117 0
159 265 0
329 154 0
292 52 0
322 227 0
23 278 0
56 432 0
268 420 0
362 55 0
436 157 0
208 451 0
377 456 0
53 220 0
387 260 0
90 109 0
144 17 0
141 472 0
51 19 0
426 314 0
64 9 0
273 99 0
196 402 0
153 159 0
326 15 0
245 61 0
465 149 0
44 46 0
368 198 0
73 226 0
74 216 0
242 214 0
455 411 0
413 273 0
197 366 0
354 260 0
142 394 0
358 337 0
323 38 0
264 417 0
292 36 0
5 285 0
184 289 0
98 320 0
14 410 0
73 88 0
153 314 0
301 375 0
20 10 0
175 216 0
375 57 0
3 285 0
450 360 0
165 180 0
13 457 0
215 17 0
37 167 0
305 134 0
14 87 0
311 86 0
174 231 0
167 242 0
133 186 0
251 75 0
401 394 0
131 171 0
206 349 0
58 122 0
185 462 0
302 197 0
446 44 0
453 250 0
210 54 0
151 463 0
140 461 0
316 81 0
219 10 0
322 351 0
435 101 0
194 131 0
262 92 0
301 467 0
440 126 0
356 152 0
116 185 0
116 329 0
469 97 0
347 446 0
150 25 0
437 57 0
14 48 0
137 472 0
58 458 0
119 260 0
326 312 0
159 115 0
349 139 0
353 233 0
58 236 0
185 174 0
332 181 0
270 206 0
155 187 0
231 359 0
243 12 0
174 379 0
11 471 0
364 369 0
259 458 0
208 417 0
100 379 0
171 217 0
45 51 0
449 102 0
54 161 0
275 386 0
110 312 0
119 32 0
26 117 0
158 36 0
128 331 0
414 379 0
330 74 0
275 116 0
59 251 0
300 398 0
157 470 0
382 441 0
289 358 0
287 113 0
255 396 0
192 142 0
195 458 0
258 352 0
21 154 0
210 203 0
300 67 0
276 342 0
422 102 0
120 249 0
267 44 0
15 177 0
12 303 0
302 322 0
412 116 0
434 435 0
279 153 0
104 1 0
138 129 0
129 109 0
396 404 0
219 114 0
273 338 0
362 307 0
150 144 0
11 161 0
446 81 0
10 386 0
348 243 0
364 219 0
11 269 0
347 131 0
195 157 0
460 323 0
33 151 0
22 19 0
264 62 0
357 394 0
137 34 0
65 387 0
434 39 0
467 212 0
192 431 0
422 307 0
441 313 0
53 451 0
350 167 0
109 312 0
91 96 0
403 364 0
247 192 0
382 38 0
22 266 0
199 158 0
67 264 0
72 269 0
70 67 0
8 261 0
25 429 0
335 465 0
38 155 0
211 155 0
321 320 0
466 412 0
183 396 0
303 429 0
356 212 0
246 433 0
62 80 0
464 133 0
348 61 0
439 123 0
321 231 0
80 423 0
463 357 0
105 202 0
39 426 0
49 272 0
365 471 0
436 195 0
428 319 0
174 430 0
223 419 0
158 52 0
267 150 0
424 142 0
33 299 0
149 112 0
249 140 0
236 354 0
109 42 0
307 397 0
313 439 0
395 276 0
401 118 0
362 102 0
75 112 0
289 1 0
403 83 0
150 355 0
464 127 0
273 24 0
425 189 0
375 442 0
96 138 0
91 204 0
179 165 0
128 260 0
131 51 0
63 299 0
168 193 0
400 11 0
72 456 0
11 3 0
66 400 0
357 298 0
54 397 0
321 247 0
113 224 0
216 449 0
129 306 0
180 76 0
238 76 0
335 368 0
366 165 0
434 301 0
357 361 0
311 429 0
113 89 0
16 83 0
243 310 0
7 92 0
84 359 0
83 67 0
335 211 0
140 283 0
54 377 0
358 388 0
40 251 0
81 1 0
79 205 0
129 158 0
161 241 0
246 359 0
427 30 0
441 197 0
339 215 0
56 190 0
102 378 0
24 204 0
357 163 0
307 139 0
326 346 0
157 174 0
114 236 0
378 242 0
161 67 0
251 174 0
425 205 0
443 162 0
169 77 0
376 225 0
266 245 0
370 289 0
449 254 0
219 230 0
192 53 0
369 285 0
166 53 0
458 279 0
56 363 0
49 456 0
197 67 0
158 390 0
271 368 0
79 439 0
445 454 0
431 6 0
227 329 0
295 203 0
350 281 0
200 69 0
334 336 0
121 267 0
157 106 0
74 212 0
237 362 0
436 201 0
428 361 0
118 466 0
256 196 0
432 228 0
178 159 0
234 404 0
255 296 0
374 132 0
104 341 0
441 205 0
205 89 0
240 361 0
435 313 0
202 303 0
167 397 0
191 285 0
390 215 0
8 349 0
442 425 0
275 443 0
124 57 0
34 265 0
429 378 0
134 397 0
110 338 0
253 349 0
226 455 0
429 333 0
421 398 0
164 116 0
322 122 0
168 239 0
336 175 0
356 74 0
368 398 0
284 19 0
455 318 0
284 179 0
223 417 0
103 100 0
50 123 0
217 43 0
106 173 0
375 294 0
99 306 0
409 188 0
428 344 0
195 59 0
47 78 0
372 182 0
3 184 0
200 225 0
29 251 0
403 251 0
195 273 0
350 12 0
164 94 0
54 269 0
35 429 0
90 373 0
30 267 0
88 457 0
138 282 0
284 424 0
127 183 0
133 370 0
134 101 0
122 162 0
351 293 0
180 314 0
333 298 0
325 24 0
159 379 0
292 193 0
103 150 0
93 132 0
184 421 0
357 89 0
470 168 0
41 125 0
118 413 0
22 252 0
41 383 0
181 160 0
443 361 0
1 304 0
186 325 0
327 344 0
471 387 0
305 101 0
304 165 0
1 15 0
353 357 0
103 351 0
292 383 0
243 177 0
324 32 0
182 377 0
291 153 0
33 59 0
456 218 0
152 78 0
329 150 0
464 401 0
251 295 0
334 251 0
77 214 0
375 180 0
92 194 0
330 102 0
370 421 0
133 94 0
81 315 0
238 139 0
467 270 0
438 218 0
255 117 0
295 351 0
266 55 0
280 284 0
117 141 0
302 194 0
122 204 0
141 214 0
165 470 0
83 303 0
419 216 0
164 267 0
58 401 0
173 292 0
438 138 0
277 220 0
254 99 0
338 288 0
393 145 0
99 38 0
53 169 0
231 175 0
372 371 0
156 305 0
136 238 0
375 82 0
221 66 0
116 46 0
234 289 0
105 439 0
426 381 0
186 448 0
248 51 0
263 168 0
436 129 0
445 256 0
297 203 0
198 437 0
269 5 0
127 411 0
326 347 0
244 442 0
161 5 0
26 265 0
211 451 0
194 421 0
214 224 0
356 417 0
353 329 0
201 177 0
299 166 0
381 168 0
287 417 0
412 413 0
355 33 0
55 126 0
242 215 0
370 267 0
8 108 0
14 181 0
271 207 0
369 253 0
431 20 0
197 79 0
23 415 0
331 404 0
110 385 0
348 289 0
325 471 0
321 379 0
124 91 0
362 262 0
357 369 0
369 138 0
317 408 0
345 453 0
188 71 0
472 152 0
149 116 0
317 171 0
298 415 0
102 407 0
327 218 0
463 419 0
216 79 0
93 107 0
409 454 0
368 62 0
118 33 0
199 202 0
440 71 0
182 395 0
141 422 0
74 57 0
305 158 0
228 130 0
340 329 0
304 434 0
74 62 0
380 57 0
140 241 0
164 77 0
222 59 0
378 108 0
331 104 0
309 298 0
415 259 0
208 302 0
380 280 0
459 135 0
409 95 0
231 8 0
56 73 0
69 204 0
129 208 0
444 60 0
52 433 0
119 429 0
68 449 0
61 145 0
43 243 0
403 270 0
99 472 0
185 326 0
374 121 0
420 133 0
128 243 0
205 196 0
446 101 0
171 417 0
161 223 0
378 47 0
419 213 0
263 247 0
357 73 0
17 55 0
343 110 0
432 209 0
349 144 0
62 251 0
20 355 0
362 233 0
223 61 0
178 383 0
51 323 0
197 469 0
303 460 0
244 428 0
300 28 0
10 170 0
137 442 0
379 14 0
113 208 0
264 145 0
225 414 0
311 244 0
296 201 0
4 286 0
261 421 0
437 311 0
39 161 0
75 110 0
388 86 0
65 216 0
114 314 0
283 299 0
31 164 0
35 62 0
76 259 0
3 386 0
270 66 0
120 374 0
230 84 0
452 36 0
244 295 0
145 400 0
148 449 0
383 261 0
291 63 0
47 101 0
362 77 0
32 164 0
379 107 0
190 149 0
21 227 0
455 374 0
35 102 0
44 264 0
185 263 0
68 196 0
85 452 0
363 233 0
429 273 0
261 247 0
336 307 0
115 465 0
152 387 0
396 298 0
21 353 0
446 281 0
347 196 0
183 381 0
65 466 0
413 17 0
256 8 0
213 109 0
227 343 0
109 183 0
144 369 0
197 247 0
239 363 0
466 402 0
188 254 0
282 401 0
63 156 0
125 13 0
304 189 0
6 244 0
206 29 0
19 186 0
137 246 0
56 245 0
196 439 0
142 393 0
213 353 0
240 451 0
243 233 0
148 198 0
14 429 0
126 316 0
352 18 0
96 184 0
207 341 0
195 180 0
370 214 0
133 34 0
227 188 0
47 422 0
395 428 0
342 135 0
308 109 0
354 318 0
109 29 0
43 363 0
