1 1 1
2 2 1
3 3 1
4 4 1
5 5 1
6 6 1
7 7 1
8 8 1
9 9 1
10 10 1
11 11 1
12 12 1
13 13 1
14 14 1
15 15 1
16 16 1
17 17 1
18 18 1
19 19 1
20 20 1
21 21 1
22 22 1
23 23 1
24 24 1
25 25 1
26 26 1
27 27 1
28 28 1
29 29 1
30 30 1
14 17 0
28 26 0
24 26 0
17 13 0
10 2 0
3 8 0
21 20 0
24 17 0
1 7 0
23 17 0
12 9 0
28 10 0
3 21 0
3 14 0
8 26 0
30 13 0
13 19 0
30 28 0
2 23 0
10 4 0
22 30 0
15 8 0
9 15 0
6 1 0
2 21 0
27 4 0
17 2 0
15 28 0
27 6 0
17 10 0
14 18 0
25 16 0
13 16 0
4 21 0
8 19 0
7 9 0
9 25 0
4 12 0
15 20 0
13 1 0
27 19 0
20 23 0
17 7 0
25 30 0
16 11 0
15 29 0
18 22 0
18 3 0
28 13 0
23 27 0
27 2 0
16 30 0
5 30 0
11 10 0
22 8 0
28 12 0
22 6 0
10 8 0
28 17 0
18 4 0
7 6 0
30 15 0
29 22 0
3 30 0
4 30 0
1 19 0
29 6 0
7 24 0
9 26 0
27 22 0
2 6 0
30 29 0
14 11 0
15 5 0
25 5 0
18 27 0
4 22 0
18 26 0
23 12 0
18 29 0
6 18 0
25 2 0
30 8 0
16 14 0
19 10 0
27 5 0
24 9 0
27 11 0
5 29 0
18 7 0
15 4 0
1 24 0
21 30 0
23 6 0
5 1 0
6 30 0
15 17 0
10 3 0
13 15 0
8 28 0
16 5 0
3 19 0
17 9 0
11 23 0
12 11 0
16 2 0
2 1 0
1 27 0
5 7 0
13 6 0
13 9 0
22 11 0
14 15 0
11 4 0
20 12 0
30 17 0
14 19 0
21 26 0
15 1 0
11 15 0
7 13 0
7 8 0
16 7 0
20 19 0
29 23 0
27 21 0
13 18 0
7 22 0
14 13 0
2 26 0
30 20 0
22 15 0
20 2 0
21 18 0
6 19 0
25 29 0
23 30 0
23 13 0
26 16 0
3 20 0
11 3 0
9 21 0
25 21 0
13 26 0
1 26 0
14 26 0
12 8 0
2 15 0
7 10 0
5 23 0
23 19 0
7 19 0
14 9 0
4 14 0
1 25 0
9 10 0
21 7 0
19 18 0
30 11 0
24 23 0
3 17 0
17 1 0
9 8 0
20 14 0
19 4 0
21 12 0
6 15 0
16 28 0
20 25 0
6 20 0
28 11 0
29 12 0
30 10 0
24 25 0
13 21 0
22 10 0
27 3 0
12 13 0
1 28 0
1 16 0
27 28 0
18 25 0
5 18 0
16 9 0
11 7 0
7 25 0
18 11 0
22 1 0
12 14 0
25 26 0
13 10 0
10 15 0
6 12 0
28 29 0
29 17 0
11 5 0
20 18 0
16 20 0
6 4 0
24 18 0
10 14 0
28 5 0
1 20 0
9 29 0
8 2 0
11 20 0
8 20 0
30 14 0
14 8 0
22 23 0
3 2 0
18 16 0
12 18 0
5 12 0
22 2 0
9 6 0
9 11 0
19 22 0
23 10 0
27 25 0
7 4 0
6 25 0
20 29 0
4 9 0
16 23 0
3 23 0
