1 1 1
2 2 1
3 3 1
4 4 1
5 5 1
6 6 1
7 7 1
8 8 1
9 9 1
10 10 1
11 11 1
12 12 1
13 13 1
14 14 1
15 15 1
16 16 1
17 17 1
18 18 1
19 19 1
20 20 1
21 21 1
22 22 1
23 23 1
24 24 1
25 25 1
26 26 1
27 27 1
28 28 1
29 29 1
30 30 1
31 31 1
32 32 1
33 33 1
34 34 1
35 35 1
36 36 1
37 37 1
38 38 1
39 39 1
40 40 1
41 41 1
42 42 1
43 43 1
44 44 1
45 45 1
46 46 1
47 47 1
48 48 1
49 49 1
50 50 1
51 51 1
52 52 1
53 53 1
54 54 1
55 55 1
56 56 1
57 57 1
58 58 1
59 59 1
60 60 1
61 61 1
62 62 1
63 63 1
64 64 1
65 65 1
66 66 1
67 67 1
68 68 1
69 69 1
70 70 1
71 71 1
72 72 1
73 73 1
74 74 1
75 75 1
76 76 1
77 77 1
78 78 1
79 79 1
80 80 1
81 81 1
82 82 1
83 83 1
84 84 1
85 85 1
86 86 1
87 87 1
88 88 1
89 89 1
90 90 1
91 91 1
92 92 1
93 93 1
94 94 1
95 95 1
96 96 1
97 97 1
98 98 1
99 99 1
100 100 1
101 101 1
102 102 1
103 103 1
104 104 1
105 105 1
106 106 1
107 107 1
108 108 1
109 109 1
110 110 1
111 111 1
112 112 1
113 113 1
114 114 1
115 115 1
116 116 1
117 117 1
118 118 1
119 119 1
120 120 1
121 121 1
122 122 1
123 123 1
124 124 1
125 125 1
126 126 1
127 127 1
128 128 1
129 129 1
130 130 1
131 131 1
132 132 1
133 133 1
134 134 1
135 135 1
136 136 1
137 137 1
138 138 1
139 139 1
140 140 1
141 141 1
142 142 1
143 143 1
144 144 1
145 145 1
146 146 1
147 147 1
148 148 1
149 149 1
150 150 1
151 151 1
152 152 1
153 153 1
154 154 1
155 155 1
156 156 1
157 157 1
158 158 1
159 159 1
160 160 1
161 161 1
162 162 1
163 163 1
164 164 1
165 165 1
166 166 1
167 167 1
168 168 1
169 169 1
170 170 1
171 171 1
172 172 1
173 173 1
174 174 1
175 175 1
176 176 1
177 177 1
178 178 1
179 179 1
180 180 1
181 181 1
182 182 1
183 183 1
184 184 1
185 185 1
186 186 1
187 187 1
188 188 1
189 189 1
190 190 1
191 191 1
192 192 1
193 193 1
194 194 1
195 195 1
196 196 1
197 197 1
198 198 1
199 199 1
200 200 1
201 201 1
202 202 1
203 203 1
204 204 1
205 205 1
206 206 1
207 207 1
208 208 1
209 209 1
210 210 1
211 211 1
212 212 1
213 213 1
214 214 1
215 215 1
216 216 1
217 217 1
218 218 1
219 219 1
220 220 1
221 221 1
222 222 1
223 223 1
224 224 1
225 225 1
226 226 1
227 227 1
228 228 1
229 229 1
230 230 1
231 231 1
232 232 1
233 233 1
234 234 1
235 235 1
236 236 1
237 237 1
238 238 1
239 239 1
240 240 1
241 241 1
242 242 1
243 243 1
244 244 1
245 245 1
246 246 1
247 247 1
248 248 1
249 249 1
250 250 1
251 251 1
252 252 1
253 253 1
254 254 1
255 255 1
256 256 1
257 257 1
258 258 1
259 259 1
260 260 1
261 261 1
262 262 1
263 263 1
264 264 1
265 265 1
266 266 1
267 267 1
268 268 1
269 269 1
270 270 1
271 271 1
272 272 1
273 273 1
274 274 1
275 275 1
276 276 1
277 277 1
278 278 1
279 279 1
280 280 1
281 281 1
282 282 1
283 283 1
284 284 1
285 285 1
286 286 1
287 287 1
288 288 1
289 289 1
290 290 1
291 291 1
292 292 1
293 293 1
294 294 1
295 295 1
296 296 1
297 297 1
298 298 1
299 299 1
300 300 1
301 301 1
302 302 1
303 303 1
304 304 1
305 305 1
306 306 1
307 307 1
308 308 1
309 309 1
310 310 1
311 311 1
312 312 1
313 313 1
314 314 1
315 315 1
316 316 1
317 317 1
318 318 1
319 319 1
320 320 1
321 321 1
322 322 1
323 323 1
324 324 1
325 325 1
326 326 1
327 327 1
328 328 1
329 329 1
330 330 1
331 331 1
332 332 1
333 333 1
334 334 1
335 335 1
336 336 1
337 337 1
338 338 1
339 339 1
340 340 1
341 341 1
342 342 1
343 343 1
344 344 1
345 345 1
346 346 1
347 347 1
348 348 1
349 349 1
350 350 1
351 351 1
352 352 1
353 353 1
354 354 1
355 355 1
356 356 1
357 357 1
358 358 1
359 359 1
360 360 1
361 361 1
362 362 1
363 363 1
364 364 1
365 365 1
366 366 1
367 367 1
368 368 1
369 369 1
370 370 1
371 371 1
372 372 1
373 373 1
374 374 1
375 375 1
376 376 1
377 377 1
378 378 1
379 379 1
380 380 1
381 381 1
382 382 1
383 383 1
384 384 1
385 385 1
386 386 1
387 387 1
388 388 1
389 389 1
390 390 1
391 391 1
392 392 1
393 393 1
394 394 1
395 395 1
396 396 1
397 397 1
398 398 1
399 399 1
400 400 1
401 401 1
402 402 1
403 403 1
404 404 1
405 405 1
406 406 1
407 407 1
408 408 1
409 409 1
410 410 1
411 411 1
412 412 1
413 413 1
414 414 1
415 415 1
416 416 1
417 417 1
418 418 1
419 419 1
420 420 1
421 421 1
422 422 1
423 423 1
424 424 1
425 425 1
426 426 1
427 427 1
428 428 1
429 429 1
430 430 1
431 431 1
432 432 1
433 433 1
434 434 1
435 435 1
436 436 1
437 437 1
438 438 1
439 439 1
440 440 1
441 441 1
442 442 1
443 443 1
444 444 1
445 445 1
446 446 1
447 447 1
448 448 1
449 449 1
450 450 1
451 451 1
452 452 1
453 453 1
454 454 1
455 455 1
456 456 1
457 457 1
458 458 1
459 459 1
460 460 1
461 461 1
462 462 1
463 463 1
464 464 1
465 465 1
466 466 1
467 467 1
468 468 1
469 469 1
470 470 1
471 471 1
472 472 1
473 473 1
474 474 1
475 475 1
476 476 1
477 477 1
478 478 1
479 479 1
480 480 1
481 481 1
482 482 1
483 483 1
484 484 1
485 485 1
486 486 1
487 487 1
488 488 1
489 489 1
490 490 1
491 491 1
492 492 1
493 493 1
494 494 1
495 495 1
496 496 1
497 497 1
498 498 1
499 499 1
500 500 1
501 501 1
502 502 1
503 503 1
504 504 1
505 505 1
506 506 1
507 507 1
508 508 1
509 509 1
510 510 1
511 511 1
512 512 1
513 513 1
514 514 1
515 515 1
516 516 1
517 517 1
518 518 1
519 519 1
520 520 1
521 521 1
522 522 1
523 523 1
524 524 1
525 525 1
526 526 1
527 527 1
528 528 1
529 529 1
530 530 1
531 531 1
532 532 1
533 533 1
534 534 1
535 535 1
536 536 1
537 537 1
538 538 1
539 539 1
540 540 1
541 541 1
542 542 1
543 543 1
544 544 1
545 545 1
546 546 1
547 547 1
548 548 1
549 549 1
550 550 1
551 551 1
552 552 1
553 553 1
554 554 1
555 555 1
556 556 1
557 557 1
558 558 1
559 559 1
560 560 1
561 561 1
562 562 1
563 563 1
564 564 1
565 565 1
566 566 1
567 567 1
568 568 1
569 569 1
570 570 1
571 571 1
572 572 1
573 573 1
574 574 1
575 575 1
576 576 1
577 577 1
578 578 1
579 579 1
580 580 1
581 581 1
582 582 1
583 583 1
584 584 1
585 585 1
586 586 1
587 587 1
588 588 1
589 589 1
590 590 1
591 591 1
592 592 1
593 593 1
594 594 1
595 595 1
596 596 1
597 597 1
598 598 1
599 599 1
600 600 1
601 601 1
602 602 1
603 603 1
604 604 1
605 605 1
606 606 1
607 607 1
608 608 1
609 609 1
610 610 1
611 611 1
612 612 1
613 613 1
614 614 1
615 615 1
616 616 1
617 617 1
618 618 1
619 619 1
620 620 1
621 621 1
622 622 1
623 623 1
624 624 1
625 625 1
626 626 1
627 627 1
628 628 1
629 629 1
630 630 1
631 631 1
632 632 1
633 633 1
634 634 1
635 635 1
636 636 1
637 637 1
638 638 1
639 639 1
640 640 1
641 641 1
642 642 1
643 643 1
644 644 1
645 645 1
646 646 1
647 647 1
648 648 1
649 649 1
650 650 1
651 651 1
652 652 1
653 653 1
654 654 1
655 655 1
656 656 1
657 657 1
658 658 1
659 659 1
660 660 1
661 661 1
662 662 1
663 663 1
664 664 1
665 665 1
666 666 1
667 667 1
668 668 1
669 669 1
670 670 1
671 671 1
672 672 1
673 673 1
674 674 1
675 675 1
676 676 1
677 677 1
678 678 1
679 679 1
680 680 1
681 681 1
682 682 1
683 683 1
684 684 1
685 685 1
686 686 1
687 687 1
688 688 1
689 689 1
690 690 1
691 691 1
692 692 1
693 693 1
694 694 1
695 695 1
696 696 1
697 697 1
698 698 1
699 699 1
700 700 1
701 701 1
702 702 1
703 703 1
704 704 1
705 705 1
706 706 1
707 707 1
708 708 1
709 709 1
710 710 1
711 711 1
712 712 1
713 713 1
714 714 1
715 715 1
716 716 1
717 717 1
718 718 1
719 719 1
720 720 1
721 721 1
722 722 1
723 723 1
724 724 1
725 725 1
726 726 1
727 727 1
728 728 1
729 729 1
730 730 1
731 731 1
732 732 1
733 733 1
734 734 1
735 735 1
736 736 1
737 737 1
738 738 1
739 739 1
740 740 1
741 741 1
742 742 1
743 743 1
744 744 1
745 745 1
746 746 1
747 747 1
748 748 1
749 749 1
750 750 1
751 751 1
752 752 1
753 753 1
754 754 1
755 755 1
756 756 1
757 757 1
758 758 1
759 759 1
760 760 1
761 761 1
762 762 1
763 763 1
764 764 1
765 765 1
766 766 1
767 767 1
768 768 1
769 769 1
770 770 1
771 771 1
772 772 1
773 773 1
774 774 1
775 775 1
776 776 1
777 777 1
778 778 1
779 779 1
780 780 1
781 781 1
782 782 1
783 783 1
784 784 1
785 785 1
786 786 1
787 787 1
788 788 1
789 789 1
790 790 1
791 791 1
792 792 1
793 793 1
794 794 1
795 795 1
796 796 1
797 797 1
798 798 1
799 799 1
800 800 1
801 801 1
802 802 1
803 803 1
804 804 1
805 805 1
806 806 1
807 807 1
808 808 1
809 809 1
810 810 1
811 811 1
812 812 1
813 813 1
814 814 1
815 815 1
816 816 1
817 817 1
818 818 1
819 819 1
820 820 1
821 821 1
822 822 1
823 823 1
824 824 1
825 825 1
826 826 1
827 827 1
828 828 1
829 829 1
830 830 1
831 831 1
832 832 1
833 833 1
834 834 1
835 835 1
836 836 1
837 837 1
838 838 1
839 839 1
840 840 1
841 841 1
842 842 1
843 843 1
844 844 1
845 845 1
846 846 1
847 847 1
848 848 1
849 849 1
850 850 1
851 851 1
852 852 1
853 853 1
854 854 1
855 855 1
856 856 1
857 857 1
858 858 1
859 859 1
860 860 1
861 861 1
862 862 1
863 863 1
864 864 1
865 865 1
866 866 1
867 867 1
868 868 1
869 869 1
870 870 1
871 871 1
872 872 1
873 873 1
874 874 1
875 875 1
876 876 1
877 877 1
878 878 1
879 879 1
880 880 1
881 881 1
882 882 1
883 883 1
884 884 1
885 885 1
886 886 1
887 887 1
888 888 1
889 889 1
890 890 1
891 891 1
892 892 1
893 893 1
894 894 1
895 895 1
896 896 1
897 897 1
898 898 1
899 899 1
900 900 1
901 901 1
902 902 1
903 903 1
904 904 1
905 905 1
906 906 1
907 907 1
908 908 1
909 909 1
910 910 1
911 911 1
912 912 1
913 913 1
914 914 1
915 915 1
916 916 1
917 917 1
918 918 1
919 919 1
920 920 1
921 921 1
922 922 1
923 923 1
924 924 1
925 925 1
926 926 1
927 927 1
928 928 1
929 929 1
930 930 1
931 931 1
932 932 1
933 933 1
934 934 1
935 935 1
936 936 1
937 937 1
938 938 1
939 939 1
940 940 1
941 941 1
942 942 1
943 943 1
334 898 0
329 762 0
582 553 0
130 853 0
311 715 0
110 868 0
674 294 0
378 64 0
384 471 0
906 588 0
109 380 0
923 924 0
554 293 0
353 97 0
891 74 0
345 160 0
29 552 0
800 489 0
161 930 0
277 471 0
580 386 0
274 310 0
558 531 0
253 941 0
880 215 0
465 45 0
474 444 0
26 84 0
615 257 0
180 441 0
330 524 0
601 358 0
12 336 0
725 172 0
201 58 0
522 660 0
322 795 0
26 880 0
261 157 0
756 198 0
251 156 0
242 724 0
599 146 0
686 271 0
402 865 0
711 732 0
324 247 0
25 335 0
462 750 0
386 662 0
686 786 0
378 65 0
516 283 0
823 777 0
318 514 0
31 447 0
670 151 0
106 204 0
297 791 0
353 698 0
591 943 0
365 915 0
246 390 0
185 586 0
75 449 0
184 639 0
291 440 0
582 807 0
601 461 0
519 919 0
854 549 0
301 580 0
578 407 0
783 874 0
254 193 0
508 845 0
71 751 0
695 195 0
76 758 0
781 150 0
264 21 0
668 433 0
460 306 0
296 940 0
767 693 0
915 556 0
177 272 0
192 755 0
557 853 0
685 811 0
924 128 0
591 51 0
879 221 0
246 11 0
35 83 0
40 298 0
925 707 0
610 320 0
69 905 0
316 714 0
655 166 0
326 831 0
317 396 0
521 873 0
306 142 0
619 165 0
269 145 0
216 83 0
365 340 0
916 400 0
301 12 0
576 282 0
597 242 0
480 544 0
83 675 0
315 616 0
719 519 0
382 914 0
794 903 0
844 35 0
101 398 0
199 248 0
543 293 0
331 786 0
632 303 0
242 932 0
193 697 0
149 789 0
938 508 0
389 899 0
239 582 0
571 836 0
37 832 0
807 830 0
791 586 0
743 770 0
40 941 0
74 461 0
291 283 0
304 801 0
585 424 0
790 656 0
177 817 0
501 172 0
381 769 0
6 498 0
286 577 0
391 322 0
465 133 0
87 191 0
718 829 0
17 757 0
706 912 0
154 875 0
252 457 0
732 715 0
880 457 0
307 114 0
331 686 0
164 590 0
511 169 0
24 676 0
624 293 0
876 24 0
425 20 0
214 199 0
727 109 0
834 368 0
900 44 0
299 87 0
379 910 0
680 316 0
423 43 0
308 632 0
729 471 0
279 175 0
518 302 0
850 78 0
594 783 0
101 897 0
681 194 0
152 343 0
181 864 0
711 137 0
908 888 0
223 222 0
854 782 0
537 334 0
824 723 0
22 609 0
129 179 0
784 647 0
359 569 0
724 831 0
287 703 0
784 24 0
896 814 0
246 13 0
735 13 0
149 578 0
779 251 0
799 690 0
89 272 0
902 912 0
51 802 0
457 180 0
38 176 0
705 396 0
623 364 0
284 910 0
123 3 0
933 898 0
817 235 0
910 608 0
126 937 0
121 905 0
244 919 0
530 211 0
126 488 0
59 177 0
346 515 0
235 262 0
569 939 0
537 248 0
359 699 0
214 360 0
701 83 0
314 574 0
196 280 0
117 322 0
274 237 0
162 396 0
92 570 0
607 217 0
114 665 0
272 338 0
115 506 0
600 683 0
380 72 0
809 738 0
770 80 0
155 527 0
41 347 0
37 236 0
627 153 0
436 779 0
269 597 0
231 239 0
223 716 0
334 215 0
437 606 0
553 430 0
47 88 0
169 427 0
159 35 0
100 928 0
936 254 0
390 33 0
601 426 0
268 163 0
458 704 0
941 605 0
236 107 0
843 338 0
823 233 0
431 195 0
717 862 0
625 764 0
6 672 0
126 43 0
585 225 0
849 456 0
358 175 0
488 837 0
600 635 0
878 936 0
274 754 0
597 388 0
860 375 0
604 618 0
487 92 0
692 260 0
10 373 0
902 838 0
923 84 0
759 444 0
188 665 0
899 424 0
839 444 0
317 374 0
14 251 0
367 287 0
61 842 0
553 799 0
153 214 0
474 639 0
305 222 0
777 193 0
473 736 0
87 331 0
698 846 0
774 764 0
446 730 0
244 220 0
109 439 0
593 122 0
568 838 0
287 507 0
616 718 0
363 768 0
931 715 0
342 171 0
815 175 0
243 223 0
789 329 0
553 544 0
110 384 0
243 434 0
49 487 0
653 157 0
804 182 0
157 429 0
76 322 0
935 570 0
96 233 0
394 906 0
4 735 0
12 697 0
789 254 0
919 634 0
462 408 0
234 450 0
670 356 0
884 718 0
842 472 0
753 581 0
653 788 0
66 608 0
45 58 0
234 19 0
169 507 0
924 173 0
177 936 0
748 22 0
125 724 0
656 586 0
188 768 0
93 736 0
180 33 0
510 900 0
504 198 0
538 93 0
42 482 0
700 908 0
418 812 0
926 587 0
375 786 0
759 552 0
657 563 0
452 781 0
222 43 0
424 288 0
811 516 0
80 869 0
427 468 0
705 809 0
665 178 0
901 585 0
659 536 0
549 134 0
405 532 0
720 658 0
374 414 0
145 87 0
855 597 0
746 134 0
639 226 0
300 385 0
620 380 0
190 925 0
726 894 0
791 448 0
128 627 0
89 786 0
99 517 0
798 382 0
927 574 0
96 357 0
44 241 0
322 778 0
716 124 0
911 290 0
229 146 0
675 848 0
404 864 0
830 187 0
693 556 0
634 699 0
118 601 0
541 216 0
53 396 0
597 36 0
848 572 0
392 771 0
812 592 0
605 584 0
716 451 0
873 1 0
596 483 0
727 57 0
282 492 0
243 853 0
926 755 0
608 101 0
291 206 0
195 344 0
480 671 0
379 384 0
299 650 0
90 46 0
298 694 0
508 892 0
201 316 0
771 797 0
678 555 0
732 16 0
103 31 0
869 86 0
664 412 0
65 11 0
617 138 0
354 32 0
808 733 0
295 42 0
439 384 0
87 615 0
135 473 0
564 214 0
789 391 0
67 523 0
2 798 0
417 927 0
707 221 0
891 427 0
633 834 0
438 185 0
28 670 0
96 836 0
459 390 0
756 776 0
652 722 0
448 665 0
251 890 0
879 918 0
337 2 0
376 218 0
679 793 0
80 321 0
892 27 0
748 460 0
860 121 0
645 887 0
790 619 0
658 185 0
65 471 0
839 595 0
249 222 0
317 378 0
168 252 0
353 384 0
132 728 0
601 689 0
456 680 0
67 284 0
585 693 0
743 380 0
813 323 0
323 538 0
941 860 0
601 884 0
266 497 0
536 393 0
718 852 0
770 765 0
160 58 0
205 170 0
665 805 0
859 177 0
420 925 0
339 883 0
674 139 0
319 422 0
340 641 0
838 338 0
436 496 0
278 701 0
871 692 0
150 524 0
600 799 0
345 638 0
856 549 0
808 577 0
289 602 0
633 587 0
583 28 0
526 192 0
45 844 0
492 385 0
421 265 0
601 856 0
760 878 0
493 566 0
506 521 0
147 162 0
376 491 0
679 168 0
919 422 0
744 264 0
80 433 0
730 662 0
340 312 0
732 384 0
213 280 0
768 512 0
423 304 0
424 240 0
118 795 0
684 623 0
373 830 0
663 627 0
257 398 0
794 232 0
819 474 0
374 898 0
785 160 0
495 181 0
351 283 0
565 442 0
441 268 0
10 864 0
572 312 0
39 689 0
164 601 0
247 415 0
488 909 0
98 623 0
364 771 0
854 118 0
301 163 0
73 142 0
202 446 0
202 552 0
608 766 0
872 927 0
912 881 0
726 419 0
249 643 0
43 412 0
301 289 0
705 788 0
134 803 0
467 497 0
509 256 0
493 809 0
297 444 0
829 498 0
890 87 0
928 554 0
731 856 0
416 579 0
672 199 0
54 921 0
841 919 0
268 198 0
143 30 0
864 276 0
711 387 0
651 276 0
521 201 0
20 818 0
644 727 0
251 469 0
814 115 0
901 480 0
849 374 0
115 578 0
572 48 0
434 348 0
23 701 0
546 44 0
609 466 0
320 376 0
732 849 0
530 309 0
928 428 0
183 629 0
212 313 0
33 904 0
427 934 0
440 332 0
364 555 0
909 814 0
602 399 0
218 503 0
36 642 0
546 644 0
165 744 0
899 775 0
650 364 0
140 513 0
792 202 0
198 882 0
514 110 0
842 819 0
100 217 0
207 342 0
771 52 0
91 308 0
329 308 0
810 243 0
829 292 0
766 872 0
92 721 0
703 620 0
141 842 0
190 811 0
922 266 0
628 371 0
375 526 0
246 353 0
743 332 0
694 449 0
383 784 0
757 590 0
28 502 0
712 735 0
793 534 0
663 764 0
311 422 0
440 330 0
199 508 0
77 178 0
653 704 0
548 84 0
166 794 0
316 787 0
61 888 0
292 322 0
608 927 0
911 635 0
486 679 0
305 335 0
269 24 0
155 458 0
445 474 0
667 522 0
38 743 0
699 690 0
503 183 0
653 547 0
855 25 0
390 915 0
791 682 0
293 455 0
544 139 0
25 86 0
697 329 0
421 22 0
352 454 0
359 675 0
927 82 0
254 844 0
824 831 0
469 262 0
70 57 0
809 803 0
903 134 0
774 751 0
815 2 0
262 295 0
141 287 0
380 837 0
615 679 0
737 846 0
190 31 0
577 52 0
112 709 0
774 814 0
597 300 0
133 545 0
356 820 0
405 316 0
10 114 0
123 704 0
938 384 0
55 135 0
549 434 0
850 221 0
49 522 0
123 238 0
553 578 0
168 664 0
223 942 0
535 819 0
298 546 0
299 532 0
422 582 0
847 310 0
575 848 0
70 569 0
168 124 0
582 716 0
437 488 0
936 485 0
66 937 0
601 618 0
451 768 0
339 673 0
645 752 0
427 821 0
354 725 0
410 654 0
243 192 0
20 817 0
919 912 0
321 143 0
92 902 0
858 407 0
770 390 0
602 306 0
887 109 0
10 161 0
781 654 0
912 264 0
532 201 0
868 820 0
854 46 0
68 752 0
741 43 0
720 118 0
64 691 0
76 922 0
33 400 0
587 803 0
668 245 0
165 611 0
354 174 0
771 70 0
707 618 0
334 295 0
818 137 0
171 607 0
182 117 0
416 922 0
39 192 0
96 102 0
761 50 0
902 794 0
328 545 0
653 874 0
669 696 0
542 79 0
749 248 0
148 512 0
866 360 0
685 740 0
496 734 0
283 677 0
850 698 0
534 767 0
768 508 0
748 465 0
557 706 0
315 763 0
187 846 0
694 855 0
598 171 0
933 282 0
297 16 0
793 219 0
255 413 0
838 750 0
203 177 0
363 932 0
753 775 0
755 456 0
340 559 0
920 896 0
201 291 0
595 387 0
72 224 0
177 549 0
273 45 0
830 569 0
60 559 0
788 314 0
28 561 0
943 231 0
616 241 0
219 425 0
72 852 0
759 411 0
468 736 0
243 547 0
905 716 0
812 34 0
939 45 0
582 268 0
89 347 0
715 27 0
905 438 0
341 933 0
55 219 0
220 670 0
338 438 0
30 409 0
346 668 0
699 692 0
339 820 0
174 300 0
592 42 0
212 587 0
86 672 0
733 174 0
76 383 0
201 37 0
821 420 0
26 875 0
517 124 0
481 854 0
440 389 0
198 665 0
935 896 0
413 330 0
772 466 0
509 299 0
507 720 0
764 472 0
328 553 0
524 403 0
936 603 0
318 692 0
79 223 0
502 474 0
346 39 0
263 786 0
307 461 0
507 298 0
292 798 0
507 943 0
199 72 0
298 706 0
670 119 0
113 54 0
550 636 0
335 421 0
296 653 0
169 253 0
754 671 0
606 35 0
588 868 0
820 773 0
385 262 0
128 677 0
939 634 0
555 73 0
584 852 0
657 310 0
849 769 0
364 456 0
462 698 0
755 636 0
286 924 0
888 96 0
530 550 0
131 174 0
354 829 0
4 738 0
27 10 0
350 844 0
522 904 0
916 162 0
692 630 0
471 597 0
334 713 0
931 795 0
347 743 0
366 632 0
602 190 0
607 188 0
618 616 0
240 28 0
380 122 0
766 406 0
10 51 0
185 531 0
834 37 0
571 461 0
545 921 0
690 924 0
609 93 0
602 31 0
604 260 0
220 267 0
326 838 0
882 444 0
865 318 0
603 575 0
496 666 0
42 386 0
702 612 0
725 303 0
468 717 0
238 215 0
576 725 0
186 234 0
755 789 0
372 32 0
934 576 0
748 872 0
77 669 0
126 642 0
152 666 0
329 193 0
930 910 0
684 711 0
148 208 0
484 385 0
301 117 0
45 366 0
229 800 0
211 601 0
710 202 0
233 514 0
9 188 0
118 13 0
829 288 0
619 860 0
832 827 0
109 818 0
793 671 0
464 940 0
758 5 0
261 937 0
943 305 0
359 107 0
40 570 0
586 749 0
650 698 0
319 658 0
885 437 0
550 650 0
603 225 0
566 492 0
930 553 0
366 658 0
281 830 0
655 917 0
713 794 0
910 591 0
34 205 0
697 74 0
653 219 0
822 359 0
916 77 0
895 857 0
513 380 0
563 172 0
605 185 0
663 470 0
738 908 0
185 897 0
673 718 0
749 442 0
568 594 0
911 480 0
798 543 0
553 507 0
761 311 0
744 733 0
387 575 0
647 899 0
11 145 0
6 494 0
330 548 0
21 3 0
512 84 0
778 241 0
801 583 0
561 425 0
233 407 0
904 910 0
6 393 0
352 767 0
703 32 0
556 146 0
485 138 0
923 374 0
283 928 0
868 491 0
411 767 0
493 922 0
729 327 0
98 586 0
788 537 0
889 77 0
943 728 0
865 6 0
177 274 0
651 758 0
305 263 0
903 789 0
401 761 0
219 562 0
746 22 0
109 92 0
667 601 0
71 452 0
806 47 0
94 650 0
463 861 0
605 462 0
646 527 0
346 822 0
679 53 0
637 40 0
195 475 0
707 474 0
293 925 0
92 917 0
826 200 0
65 428 0
679 14 0
880 541 0
61 852 0
126 402 0
770 730 0
863 472 0
192 145 0
229 870 0
76 865 0
788 270 0
276 551 0
743 568 0
412 834 0
420 173 0
912 363 0
600 647 0
377 536 0
244 316 0
324 248 0
717 150 0
857 515 0
500 105 0
538 728 0
854 614 0
529 577 0
762 804 0
185 562 0
307 475 0
331 726 0
647 179 0
145 182 0
825 400 0
718 5 0
715 920 0
252 367 0
126 165 0
761 625 0
149 355 0
409 881 0
25 937 0
514 787 0
676 698 0
284 39 0
108 493 0
643 633 0
671 667 0
815 432 0
123 468 0
436 717 0
444 566 0
19 569 0
731 779 0
129 758 0
191 416 0
695 94 0
410 265 0
759 21 0
842 99 0
60 6 0
471 702 0
518 198 0
425 389 0
508 427 0
856 943 0
79 356 0
566 97 0
803 232 0
876 931 0
868 2 0
403 619 0
95 691 0
762 854 0
712 660 0
831 650 0
545 358 0
408 941 0
435 712 0
386 942 0
74 177 0
821 152 0
532 322 0
127 270 0
432 59 0
257 356 0
60 538 0
31 34 0
165 671 0
766 876 0
267 653 0
582 690 0
890 868 0
687 381 0
515 129 0
258 467 0
305 14 0
618 715 0
335 745 0
41 766 0
682 176 0
57 621 0
592 909 0
533 756 0
637 355 0
567 903 0
64 84 0
649 10 0
9 392 0
269 402 0
399 406 0
869 582 0
419 422 0
353 633 0
102 272 0
334 784 0
447 391 0
340 95 0
235 872 0
730 871 0
283 353 0
709 225 0
437 293 0
114 324 0
563 382 0
604 18 0
666 529 0
599 21 0
532 931 0
158 865 0
650 483 0
191 46 0
578 426 0
796 243 0
232 135 0
595 941 0
239 910 0
169 352 0
169 732 0
612 773 0
628 335 0
237 163 0
355 123 0
49 886 0
933 86 0
686 639 0
568 877 0
564 81 0
238 295 0
323 348 0
309 797 0
345 547 0
763 393 0
898 932 0
181 566 0
640 687 0
900 876 0
849 190 0
878 777 0
11 867 0
862 697 0
441 365 0
509 883 0
446 625 0
235 647 0
29 543 0
500 253 0
146 320 0
645 100 0
187 704 0
544 826 0
447 501 0
637 353 0
569 571 0
65 580 0
373 805 0
212 814 0
226 720 0
632 550 0
280 866 0
254 308 0
344 753 0
560 489 0
8 140 0
467 73 0
843 68 0
777 347 0
447 471 0
578 894 0
98 521 0
530 471 0
382 620 0
220 486 0
275 851 0
93 554 0
774 225 0
741 53 0
856 357 0
542 743 0
376 887 0
815 275 0
833 649 0
500 215 0
176 13 0
166 152 0
412 574 0
501 793 0
251 720 0
215 404 0
507 307 0
15 216 0
410 755 0
268 322 0
47 809 0
943 422 0
632 815 0
576 400 0
399 11 0
615 453 0
846 659 0
604 314 0
289 41 0
164 418 0
760 257 0
822 323 0
563 715 0
538 851 0
526 806 0
108 451 0
550 108 0
752 117 0
922 384 0
517 256 0
273 67 0
708 175 0
725 247 0
489 892 0
287 531 0
246 926 0
787 3 0
184 285 0
717 601 0
71 178 0
463 178 0
507 891 0
285 315 0
887 142 0
577 460 0
397 850 0
526 40 0
81 186 0
287 448 0
134 452 0
857 379 0
434 579 0
260 618 0
742 33 0
154 812 0
89 495 0
47 596 0
442 331 0
789 264 0
473 423 0
723 748 0
329 184 0
788 288 0
248 10 0
615 382 0
461 528 0
639 774 0
164 899 0
327 784 0
810 480 0
653 778 0
31 699 0
309 351 0
908 154 0
615 437 0
576 273 0
121 783 0
336 908 0
128 583 0
917 742 0
843 313 0
205 418 0
22 247 0
252 348 0
88 940 0
827 740 0
774 736 0
374 18 0
144 338 0
172 637 0
775 626 0
909 895 0
466 180 0
738 472 0
763 590 0
270 541 0
781 353 0
15 803 0
600 266 0
207 566 0
263 913 0
362 915 0
584 735 0
933 727 0
129 40 0
299 782 0
665 144 0
612 187 0
323 285 0
537 21 0
874 806 0
562 591 0
95 576 0
450 573 0
721 656 0
195 862 0
504 435 0
833 145 0
226 822 0
750 233 0
740 106 0
894 462 0
249 441 0
527 571 0
605 121 0
592 414 0
805 89 0
61 899 0
664 510 0
528 320 0
102 601 0
238 605 0
92 128 0
749 196 0
828 435 0
429 625 0
540 258 0
22 788 0
577 548 0
294 238 0
668 764 0
652 409 0
852 712 0
243 452 0
279 771 0
771 259 0
428 66 0
863 399 0
72 548 0
594 778 0
39 901 0
338 578 0
215 359 0
301 792 0
786 473 0
908 389 0
294 616 0
797 202 0
264 97 0
532 542 0
746 360 0
800 109 0
304 598 0
507 254 0
202 158 0
910 119 0
115 305 0
575 209 0
542 875 0
879 384 0
284 843 0
773 577 0
516 626 0
657 658 0
601 246 0
135 403 0
484 813 0
512 666 0
467 897 0
798 548 0
111 764 0
666 105 0
125 177 0
313 667 0
930 248 0
929 270 0
147 758 0
846 541 0
320 560 0
255 920 0
684 389 0
259 103 0
258 649 0
768 604 0
602 501 0
208 713 0
321 752 0
817 325 0
928 186 0
870 915 0
312 855 0
241 458 0
670 23 0
878 868 0
461 189 0
844 201 0
457 38 0
303 593 0
686 6 0
253 345 0
506 460 0
936 705 0
148 688 0
86 132 0
873 12 0
925 120 0
746 223 0
577 472 0
245 390 0
275 705 0
458 54 0
784 914 0
92 22 0
563 777 0
849 816 0
57 290 0
211 49 0
51 358 0
736 137 0
369 544 0
27 350 0
663 772 0
572 176 0
179 695 0
565 453 0
335 901 0
386 54 0
871 477 0
897 370 0
310 802 0
121 246 0
148 331 0
294 78 0
568 87 0
93 936 0
630 119 0
221 229 0
770 672 0
404 827 0
423 847 0
216 637 0
805 601 0
690 611 0
134 523 0
37 322 0
381 36 0
567 408 0
246 861 0
485 813 0
826 577 0
684 391 0
574 904 0
498 279 0
632 780 0
163 934 0
684 378 0
627 424 0
35 252 0
913 47 0
653 829 0
368 91 0
864 814 0
377 166 0
610 740 0
857 492 0
373 476 0
761 825 0
437 316 0
161 4 0
152 323 0
937 714 0
579 499 0
73 613 0
630 43 0
659 339 0
871 905 0
308 791 0
654 684 0
836 320 0
480 628 0
690 731 0
161 387 0
613 597 0
702 652 0
600 732 0
853 473 0
503 488 0
850 575 0
157 536 0
617 694 0
754 423 0
534 118 0
150 245 0
681 42 0
443 96 0
669 69 0
827 829 0
455 375 0
361 213 0
905 840 0
1 814 0
248 382 0
358 154 0
14 514 0
569 509 0
143 379 0
932 555 0
375 17 0
678 112 0
58 178 0
208 605 0
246 913 0
370 700 0
344 609 0
791 305 0
505 791 0
175 631 0
109 411 0
785 122 0
924 289 0
509 2 0
667 376 0
556 920 0
392 291 0
89 328 0
347 175 0
812 471 0
144 238 0
227 366 0
846 74 0
549 287 0
743 723 0
917 851 0
190 637 0
851 49 0
925 296 0
872 527 0
550 363 0
504 942 0
532 471 0
205 878 0
645 73 0
405 667 0
310 510 0
89 92 0
462 637 0
257 141 0
295 109 0
870 363 0
746 657 0
290 606 0
9 97 0
69 558 0
459 451 0
435 48 0
800 640 0
804 501 0
712 145 0
103 901 0
654 191 0
49 52 0
706 305 0
192 879 0
292 118 0
298 94 0
653 466 0
579 661 0
562 526 0
155 899 0
855 468 0
3 711 0
164 686 0
268 755 0
830 370 0
712 419 0
439 639 0
470 80 0
822 540 0
15 170 0
537 191 0
143 246 0
907 153 0
182 940 0
108 93 0
464 933 0
803 507 0
675 6 0
318 561 0
254 86 0
36 571 0
724 385 0
650 602 0
924 664 0
771 517 0
733 792 0
763 324 0
448 605 0
476 629 0
601 462 0
600 943 0
506 61 0
343 823 0
621 596 0
787 536 0
223 446 0
920 751 0
926 779 0
350 754 0
353 139 0
481 51 0
341 929 0
655 816 0
614 191 0
214 271 0
190 543 0
608 575 0
604 8 0
454 281 0
482 177 0
695 705 0
622 671 0
391 605 0
507 741 0
294 738 0
758 774 0
788 156 0
759 378 0
850 309 0
568 120 0
579 636 0
663 122 0
267 323 0
129 600 0
482 611 0
776 234 0
251 454 0
783 641 0
937 225 0
317 287 0
841 132 0
940 685 0
287 755 0
119 193 0
120 565 0
313 577 0
258 854 0
699 524 0
112 706 0
180 593 0
373 834 0
705 502 0
224 545 0
79 217 0
648 395 0
383 546 0
526 379 0
166 812 0
190 164 0
884 189 0
644 42 0
42 399 0
445 153 0
41 503 0
624 292 0
394 386 0
794 617 0
809 872 0
712 392 0
202 151 0
937 607 0
529 39 0
354 598 0
202 294 0
665 929 0
425 365 0
850 345 0
643 351 0
497 683 0
732 57 0
31 182 0
321 703 0
677 65 0
510 325 0
456 712 0
475 329 0
375 883 0
367 607 0
416 568 0
901 16 0
553 382 0
259 338 0
606 901 0
688 38 0
519 477 0
94 429 0
537 414 0
188 150 0
478 577 0
474 813 0
345 827 0
198 598 0
645 443 0
261 939 0
67 97 0
11 498 0
358 149 0
836 20 0
928 459 0
57 504 0
814 30 0
811 287 0
443 55 0
436 800 0
631 788 0
548 854 0
550 745 0
387 131 0
123 527 0
5 189 0
502 838 0
565 859 0
43 336 0
757 27 0
795 814 0
409 544 0
843 276 0
830 221 0
210 201 0
899 719 0
45 503 0
509 474 0
183 895 0
483 305 0
357 487 0
372 738 0
381 937 0
653 423 0
329 467 0
450 59 0
216 737 0
603 937 0
70 489 0
93 279 0
690 49 0
54 613 0
430 562 0
22 613 0
393 504 0
796 628 0
48 225 0
422 307 0
97 11 0
730 304 0
356 115 0
363 571 0
851 844 0
443 799 0
389 535 0
134 14 0
462 188 0
506 892 0
628 527 0
561 77 0
910 292 0
584 836 0
516 62 0
199 612 0
72 807 0
916 427 0
921 214 0
876 708 0
114 375 0
563 381 0
789 697 0
395 307 0
763 779 0
255 326 0
241 694 0
282 207 0
43 865 0
99 437 0
805 177 0
928 877 0
40 779 0
239 840 0
49 51 0
604 41 0
425 223 0
421 149 0
798 694 0
456 496 0
529 589 0
701 770 0
219 39 0
855 261 0
782 833 0
576 643 0
66 560 0
455 105 0
395 573 0
1 322 0
623 483 0
362 926 0
585 662 0
132 439 0
412 587 0
814 820 0
111 571 0
525 329 0
488 315 0
468 326 0
204 101 0
25 269 0
539 359 0
253 934 0
931 132 0
191 610 0
494 432 0
592 135 0
150 723 0
452 440 0
245 201 0
195 356 0
771 719 0
563 315 0
913 88 0
519 173 0
188 544 0
321 726 0
902 452 0
595 889 0
462 786 0
434 12 0
274 82 0
146 302 0
805 477 0
741 928 0
677 815 0
340 384 0
469 903 0
577 438 0
869 153 0
611 113 0
575 810 0
717 412 0
318 248 0
236 779 0
912 669 0
791 121 0
750 815 0
422 490 0
348 98 0
475 82 0
912 693 0
465 317 0
531 98 0
754 456 0
129 421 0
568 703 0
287 221 0
171 483 0
347 406 0
319 315 0
131 45 0
435 760 0
859 735 0
306 143 0
711 659 0
224 559 0
409 567 0
875 939 0
543 685 0
452 672 0
42 898 0
431 207 0
54 481 0
690 400 0
886 887 0
714 896 0
931 84 0
712 846 0
697 896 0
45 344 0
612 147 0
902 77 0
592 712 0
894 192 0
332 402 0
742 373 0
236 108 0
459 289 0
588 205 0
689 410 0
27 338 0
241 14 0
301 9 0
738 876 0
783 662 0
276 451 0
808 113 0
406 336 0
703 236 0
406 92 0
637 204 0
343 751 0
190 801 0
97 657 0
884 664 0
2 910 0
880 242 0
802 237 0
129 597 0
49 911 0
315 203 0
298 58 0
316 582 0
272 897 0
817 677 0
45 390 0
759 388 0
197 828 0
124 172 0
541 65 0
835 542 0
853 772 0
783 712 0
887 911 0
244 935 0
757 558 0
195 111 0
494 389 0
572 766 0
342 445 0
378 387 0
713 73 0
653 910 0
900 776 0
17 497 0
719 852 0
917 629 0
680 756 0
276 623 0
602 519 0
615 415 0
12 688 0
405 384 0
133 33 0
85 474 0
356 463 0
739 5 0
414 448 0
793 370 0
160 809 0
866 878 0
717 718 0
442 332 0
530 717 0
12 67 0
171 505 0
360 182 0
128 764 0
445 260 0
675 529 0
612 910 0
870 408 0
914 340 0
734 642 0
588 893 0
507 389 0
707 281 0
163 205 0
612 571 0
801 502 0
637 28 0
885 54 0
89 69 0
696 412 0
207 307 0
940 819 0
152 746 0
162 1 0
21 895 0
642 609 0
724 205 0
54 487 0
364 217 0
570 855 0
787 427 0
292 360 0
334 234 0
413 301 0
181 44 0
712 388 0
350 708 0
263 380 0
389 424 0
380 410 0
254 78 0
897 856 0
162 7 0
278 525 0
102 848 0
315 889 0
210 607 0
184 422 0
719 475 0
722 899 0
518 490 0
343 747 0
134 605 0
183 522 0
907 563 0
810 97 0
640 763 0
9 801 0
770 166 0
262 750 0
70 576 0
574 158 0
118 757 0
580 836 0
288 237 0
792 806 0
727 191 0
488 860 0
675 670 0
317 517 0
289 184 0
492 808 0
3 501 0
544 651 0
666 805 0
458 614 0
317 88 0
650 434 0
845 165 0
327 189 0
402 54 0
873 64 0
244 417 0
923 797 0
144 296 0
250 311 0
358 741 0
54 361 0
177 598 0
890 842 0
338 404 0
391 533 0
371 920 0
846 272 0
141 229 0
339 421 0
161 148 0
484 283 0
564 463 0
137 586 0
638 265 0
776 52 0
62 829 0
291 239 0
362 238 0
16 579 0
520 286 0
47 890 0
262 892 0
97 281 0
56 315 0
702 216 0
462 242 0
499 82 0
584 514 0
547 157 0
778 379 0
87 839 0
143 378 0
13 384 0
494 29 0
19 70 0
193 65 0
839 454 0
836 935 0
613 891 0
306 371 0
164 767 0
492 662 0
232 331 0
167 888 0
588 253 0
783 730 0
509 675 0
170 59 0
582 67 0
8 774 0
11 846 0
163 846 0
716 775 0
672 79 0
203 835 0
724 573 0
432 387 0
583 542 0
596 749 0
486 240 0
58 205 0
849 567 0
879 897 0
504 517 0
843 511 0
347 853 0
413 509 0
634 65 0
219 362 0
143 300 0
133 745 0
872 564 0
68 511 0
163 663 0
195 527 0
782 132 0
731 566 0
577 666 0
398 137 0
118 297 0
527 464 0
85 818 0
851 718 0
882 6 0
16 903 0
305 148 0
705 234 0
590 772 0
623 631 0
370 697 0
215 208 0
828 824 0
652 461 0
426 107 0
476 543 0
403 59 0
886 367 0
877 672 0
20 815 0
677 35 0
775 39 0
61 415 0
151 651 0
122 652 0
338 370 0
405 552 0
457 168 0
433 165 0
507 737 0
271 40 0
336 553 0
920 278 0
919 732 0
829 817 0
604 562 0
852 314 0
479 791 0
607 629 0
498 607 0
217 836 0
33 621 0
323 489 0
668 634 0
654 231 0
427 803 0
149 642 0
412 126 0
798 266 0
857 683 0
19 396 0
302 749 0
588 659 0
596 251 0
224 151 0
857 440 0
865 769 0
939 123 0
314 663 0
757 846 0
894 119 0
706 99 0
760 53 0
103 615 0
198 17 0
354 216 0
291 534 0
21 879 0
129 616 0
186 352 0
645 922 0
791 566 0
747 786 0
568 939 0
385 381 0
842 214 0
499 604 0
191 195 0
656 294 0
809 853 0
189 98 0
4 479 0
511 24 0
293 639 0
519 358 0
869 220 0
336 716 0
665 18 0
437 289 0
13 700 0
913 925 0
393 161 0
55 106 0
454 863 0
837 521 0
840 720 0
878 286 0
743 228 0
803 197 0
585 728 0
296 799 0
379 17 0
816 815 0
184 707 0
572 610 0
618 420 0
470 67 0
580 525 0
51 912 0
323 767 0
489 219 0
543 303 0
383 221 0
530 242 0
418 171 0
848 713 0
26 283 0
608 720 0
155 670 0
483 605 0
215 36 0
81 684 0
925 540 0
265 854 0
387 588 0
677 755 0
685 155 0
114 125 0
255 643 0
245 672 0
692 150 0
320 596 0
311 806 0
372 465 0
411 733 0
5 625 0
769 908 0
365 750 0
383 509 0
539 769 0
153 152 0
580 716 0
306 572 0
719 560 0
150 21 0
167 841 0
49 365 0
493 359 0
227 743 0
703 637 0
533 586 0
197 237 0
429 562 0
865 811 0
127 460 0
516 158 0
611 31 0
873 796 0
603 649 0
291 752 0
548 337 0
650 475 0
701 78 0
712 807 0
700 471 0
379 289 0
936 576 0
404 421 0
73 325 0
289 78 0
663 804 0
235 331 0
834 43 0
62 372 0
570 352 0
181 53 0
567 709 0
406 325 0
665 175 0
67 421 0
524 445 0
709 516 0
77 169 0
937 28 0
372 161 0
105 92 0
843 218 0
301 612 0
140 362 0
41 709 0
592 100 0
641 216 0
808 103 0
419 529 0
156 485 0
829 680 0
929 594 0
131 885 0
642 3 0
912 892 0
163 74 0
40 884 0
291 219 0
459 472 0
75 108 0
450 594 0
202 193 0
575 620 0
721 731 0
161 485 0
346 25 0
136 476 0
909 656 0
479 878 0
483 520 0
8 402 0
461 177 0
620 892 0
486 136 0
299 439 0
122 748 0
911 323 0
940 542 0
942 596 0
208 38 0
138 553 0
62 152 0
86 28 0
686 564 0
784 225 0
140 670 0
626 479 0
846 182 0
427 267 0
317 604 0
584 438 0
408 551 0
639 404 0
150 637 0
57 357 0
553 73 0
910 614 0
224 874 0
641 909 0
373 481 0
190 391 0
86 695 0
870 932 0
876 232 0
134 249 0
836 718 0
565 300 0
325 260 0
583 353 0
775 518 0
710 384 0
590 555 0
876 813 0
364 453 0
657 736 0
812 725 0
183 898 0
476 931 0
886 408 0
220 898 0
535 934 0
672 35 0
290 54 0
173 751 0
285 4 0
325 51 0
266 914 0
484 199 0
662 847 0
651 375 0
639 398 0
157 701 0
352 632 0
688 173 0
919 907 0
128 389 0
897 799 0
424 123 0
731 596 0
873 73 0
479 134 0
2 744 0
104 365 0
821 645 0
268 407 0
76 786 0
805 111 0
543 213 0
622 287 0
386 597 0
130 513 0
42 905 0
247 344 0
906 857 0
940 715 0
808 475 0
848 809 0
154 830 0
230 854 0
531 377 0
317 486 0
219 57 0
596 640 0
270 274 0
805 534 0
749 934 0
925 670 0
775 228 0
70 737 0
20 888 0
387 827 0
298 291 0
693 452 0
178 801 0
241 587 0
234 557 0
129 331 0
493 604 0
27 641 0
756 832 0
231 441 0
701 212 0
167 532 0
318 115 0
205 217 0
60 591 0
100 357 0
882 792 0
687 938 0
529 927 0
581 762 0
420 589 0
29 912 0
249 55 0
609 61 0
886 718 0
501 644 0
808 546 0
111 61 0
661 315 0
277 599 0
785 377 0
834 723 0
104 457 0
596 632 0
440 112 0
330 738 0
700 358 0
706 5 0
291 250 0
888 113 0
24 324 0
635 831 0
870 745 0
892 466 0
939 225 0
943 780 0
601 833 0
346 90 0
272 665 0
80 480 0
459 780 0
716 101 0
663 64 0
350 486 0
176 374 0
140 615 0
490 910 0
137 364 0
192 15 0
200 671 0
847 516 0
311 129 0
484 462 0
793 564 0
820 187 0
400 593 0
287 941 0
535 516 0
484 710 0
768 350 0
455 907 0
843 823 0
874 36 0
244 1 0
872 322 0
550 775 0
838 861 0
782 257 0
258 510 0
820 134 0
576 155 0
605 862 0
153 196 0
313 515 0
784 137 0
864 174 0
923 763 0
54 732 0
677 176 0
732 605 0
376 338 0
315 149 0
134 33 0
406 270 0
542 161 0
404 53 0
316 65 0
915 347 0
140 163 0
861 923 0
300 660 0
154 158 0
358 86 0
889 913 0
140 556 0
453 515 0
772 646 0
664 906 0
678 126 0
111 156 0
165 514 0
208 480 0
458 58 0
705 597 0
221 501 0
455 399 0
217 608 0
435 453 0
572 380 0
422 711 0
814 874 0
283 642 0
577 825 0
483 311 0
829 594 0
345 50 0
43 553 0
409 379 0
489 170 0
32 709 0
550 366 0
43 766 0
852 477 0
155 481 0
735 576 0
127 605 0
507 288 0
183 19 0
169 544 0
208 876 0
194 553 0
926 116 0
41 391 0
494 529 0
439 405 0
174 45 0
770 95 0
690 557 0
572 844 0
94 363 0
476 221 0
847 861 0
387 86 0
758 556 0
508 23 0
488 581 0
454 349 0
696 494 0
739 125 0
901 114 0
408 10 0
158 113 0
105 847 0
670 555 0
626 763 0
796 159 0
862 699 0
898 306 0
663 713 0
740 228 0
614 163 0
808 124 0
512 439 0
496 186 0
563 332 0
178 28 0
342 336 0
140 325 0
118 809 0
879 744 0
508 610 0
781 305 0
245 614 0
489 907 0
262 285 0
70 875 0
327 756 0
55 838 0
130 550 0
902 572 0
761 137 0
478 38 0
351 496 0
362 347 0
362 176 0
26 748 0
785 685 0
931 86 0
356 477 0
872 617 0
761 820 0
549 23 0
512 482 0
739 641 0
911 698 0
148 728 0
713 625 0
765 120 0
178 183 0
345 418 0
237 371 0
222 900 0
112 209 0
43 467 0
685 793 0
20 382 0
548 447 0
283 116 0
928 79 0
636 895 0
655 783 0
558 424 0
465 379 0
422 521 0
440 766 0
938 676 0
193 216 0
512 184 0
303 433 0
529 867 0
282 548 0
184 708 0
51 466 0
824 858 0
423 395 0
688 134 0
113 303 0
557 456 0
681 857 0
33 57 0
559 27 0
611 751 0
121 179 0
813 303 0
611 399 0
226 771 0
3 288 0
536 876 0
632 295 0
790 112 0
689 534 0
245 801 0
836 681 0
193 453 0
594 225 0
509 209 0
252 55 0
839 372 0
234 708 0
674 844 0
42 778 0
551 45 0
1 143 0
799 633 0
437 645 0
623 61 0
114 867 0
740 829 0
483 932 0
217 13 0
214 604 0
100 344 0
658 817 0
715 891 0
582 325 0
671 623 0
38 278 0
546 39 0
299 401 0
550 614 0
924 229 0
674 917 0
31 470 0
802 393 0
338 75 0
405 430 0
557 504 0
773 271 0
378 423 0
98 838 0
626 647 0
396 664 0
803 821 0
581 158 0
157 66 0
771 138 0
173 380 0
111 82 0
728 791 0
474 122 0
744 878 0
551 357 0
318 259 0
506 574 0
682 603 0
347 364 0
306 621 0
906 44 0
498 543 0
201 655 0
608 850 0
671 659 0
286 660 0
741 893 0
507 271 0
71 307 0
85 501 0
542 281 0
759 104 0
854 376 0
586 136 0
740 770 0
756 702 0
814 311 0
181 893 0
844 667 0
679 450 0
383 843 0
166 180 0
792 551 0
450 742 0
736 534 0
299 334 0
814 936 0
316 603 0
369 901 0
738 165 0
728 430 0
745 477 0
740 925 0
426 519 0
649 161 0
25 910 0
61 69 0
146 852 0
619 595 0
529 411 0
65 827 0
744 757 0
699 938 0
296 124 0
896 912 0
167 680 0
398 790 0
213 73 0
772 517 0
591 356 0
678 494 0
322 617 0
562 346 0
404 116 0
819 933 0
526 883 0
695 205 0
576 450 0
200 871 0
573 31 0
718 618 0
710 173 0
465 801 0
245 172 0
253 715 0
406 809 0
265 606 0
482 706 0
8 765 0
700 705 0
633 283 0
645 384 0
366 156 0
834 444 0
905 342 0
474 679 0
839 119 0
851 239 0
798 153 0
410 108 0
746 694 0
916 889 0
356 334 0
155 287 0
448 526 0
106 813 0
560 939 0
314 521 0
217 787 0
257 934 0
785 43 0
229 639 0
74 638 0
746 819 0
267 719 0
765 501 0
931 351 0
621 142 0
637 502 0
807 141 0
85 912 0
833 644 0
787 82 0
101 882 0
747 236 0
872 588 0
278 157 0
284 352 0
673 86 0
106 939 0
683 749 0
375 670 0
157 52 0
690 672 0
692 516 0
401 460 0
217 123 0
541 196 0
61 344 0
431 811 0
932 708 0
938 575 0
236 101 0
449 919 0
728 823 0
645 884 0
753 392 0
492 362 0
823 119 0
878 159 0
578 30 0
281 54 0
225 220 0
397 534 0
87 264 0
298 932 0
414 172 0
442 650 0
151 769 0
625 878 0
527 205 0
698 336 0
475 125 0
577 234 0
243 511 0
392 699 0
419 552 0
752 643 0
771 84 0
233 858 0
227 409 0
725 640 0
459 103 0
346 609 0
871 849 0
423 455 0
933 177 0
669 464 0
301 302 0
576 422 0
691 25 0
56 166 0
576 686 0
687 282 0
648 798 0
196 874 0
264 800 0
571 722 0
902 795 0
267 708 0
701 689 0
98 690 0
744 646 0
89 923 0
4 665 0
401 695 0
568 456 0
739 79 0
77 483 0
360 724 0
337 435 0
655 479 0
170 161 0
137 7 0
12 403 0
714 712 0
27 691 0
337 770 0
393 305 0
749 275 0
848 85 0
26 472 0
419 644 0
550 495 0
183 788 0
275 519 0
279 808 0
877 327 0
25 70 0
333 37 0
472 104 0
627 498 0
673 843 0
203 122 0
204 8 0
396 108 0
914 301 0
458 389 0
1 886 0
762 62 0
730 93 0
459 888 0
780 392 0
271 804 0
461 604 0
840 811 0
586 403 0
244 315 0
302 446 0
315 505 0
332 589 0
491 302 0
768 5 0
569 647 0
890 387 0
708 676 0
359 103 0
499 195 0
494 770 0
55 834 0
309 774 0
701 773 0
233 2 0
144 534 0
447 337 0
917 658 0
925 464 0
16 750 0
468 464 0
453 414 0
850 97 0
25 144 0
199 524 0
338 692 0
229 272 0
582 537 0
102 219 0
245 334 0
746 545 0
603 719 0
259 463 0
239 154 0
269 585 0
617 601 0
55 402 0
576 901 0
546 774 0
481 883 0
401 588 0
211 862 0
60 191 0
137 304 0
403 235 0
570 205 0
779 229 0
802 95 0
571 919 0
127 718 0
560 743 0
375 493 0
80 7 0
451 625 0
659 810 0
444 117 0
334 533 0
35 393 0
724 50 0
697 62 0
284 202 0
267 119 0
310 4 0
92 880 0
802 218 0
654 418 0
839 908 0
790 919 0
793 176 0
479 509 0
864 922 0
625 254 0
512 538 0
647 171 0
587 279 0
111 870 0
480 256 0
45 668 0
260 16 0
604 118 0
233 194 0
414 8 0
158 260 0
926 7 0
314 461 0
515 235 0
319 75 0
488 709 0
612 70 0
758 134 0
348 868 0
60 707 0
181 927 0
431 440 0
942 914 0
436 110 0
164 849 0
939 200 0
45 921 0
206 358 0
318 600 0
592 636 0
553 16 0
280 101 0
85 94 0
234 312 0
18 173 0
897 198 0
156 263 0
516 33 0
233 8 0
21 275 0
736 17 0
474 780 0
816 559 0
73 190 0
215 544 0
704 767 0
559 40 0
867 522 0
133 37 0
833 30 0
209 786 0
227 364 0
928 622 0
275 217 0
629 174 0
371 300 0
190 844 0
136 885 0
459 209 0
10 552 0
752 714 0
376 246 0
632 178 0
767 644 0
214 657 0
673 422 0
378 778 0
664 241 0
456 817 0
458 21 0
870 828 0
320 938 0
607 456 0
879 2 0
543 889 0
553 230 0
538 928 0
475 226 0
42 177 0
869 134 0
712 598 0
435 26 0
433 34 0
266 888 0
730 723 0
787 656 0
486 164 0
650 29 0
498 586 0
30 97 0
531 582 0
205 125 0
446 558 0
229 366 0
734 155 0
499 503 0
631 933 0
528 120 0
846 793 0
887 632 0
452 730 0
344 816 0
772 50 0
844 326 0
514 752 0
422 923 0
391 505 0
926 715 0
119 212 0
137 853 0
366 514 0
412 875 0
383 939 0
52 285 0
667 817 0
916 175 0
482 195 0
870 311 0
123 770 0
636 637 0
458 937 0
616 848 0
498 599 0
498 617 0
689 513 0
526 933 0
83 816 0
864 465 0
690 794 0
628 413 0
667 600 0
467 85 0
673 393 0
395 796 0
98 909 0
489 555 0
902 40 0
338 336 0
517 835 0
831 262 0
404 292 0
251 366 0
164 172 0
830 732 0
22 394 0
201 568 0
872 546 0
652 602 0
938 925 0
454 915 0
890 821 0
526 728 0
860 864 0
120 313 0
634 7 0
574 917 0
177 704 0
339 340 0
754 104 0
7 654 0
497 207 0
278 426 0
632 808 0
84 505 0
789 416 0
476 615 0
293 59 0
399 88 0
801 397 0
400 491 0
282 853 0
343 458 0
613 681 0
676 423 0
785 682 0
133 217 0
767 290 0
642 455 0
154 604 0
839 822 0
76 371 0
493 247 0
308 770 0
335 44 0
102 613 0
414 383 0
522 756 0
719 70 0
494 451 0
371 214 0
68 504 0
430 834 0
672 129 0
225 704 0
732 120 0
461 687 0
369 832 0
933 677 0
658 203 0
599 759 0
816 69 0
77 273 0
825 795 0
343 254 0
181 713 0
467 248 0
152 896 0
139 702 0
903 242 0
463 571 0
361 802 0
314 729 0
691 303 0
341 284 0
506 940 0
100 378 0
887 55 0
529 768 0
850 750 0
900 909 0
399 423 0
214 550 0
255 231 0
188 93 0
472 529 0
663 711 0
387 33 0
496 134 0
418 841 0
591 396 0
154 534 0
450 561 0
238 235 0
368 194 0
80 766 0
496 293 0
251 629 0
523 438 0
721 873 0
23 441 0
640 289 0
473 192 0
422 687 0
786 718 0
463 433 0
49 495 0
846 378 0
113 140 0
612 480 0
212 691 0
302 586 0
862 431 0
271 320 0
869 49 0
249 770 0
368 888 0
115 840 0
16 416 0
463 680 0
69 925 0
170 118 0
477 894 0
495 589 0
90 42 0
4 180 0
612 184 0
766 530 0
614 915 0
850 418 0
20 34 0
245 266 0
801 238 0
163 816 0
532 504 0
552 601 0
485 600 0
718 840 0
550 269 0
485 518 0
310 367 0
577 921 0
550 399 0
387 221 0
370 172 0
517 269 0
205 761 0
534 62 0
878 575 0
756 466 0
135 244 0
2 499 0
843 719 0
395 329 0
866 759 0
725 112 0
182 358 0
911 732 0
756 354 0
831 62 0
525 404 0
209 609 0
101 621 0
549 35 0
253 362 0
379 266 0
605 381 0
764 383 0
35 95 0
590 901 0
853 372 0
69 91 0
729 36 0
701 421 0
269 588 0
361 672 0
871 569 0
216 28 0
246 765 0
884 377 0
62 198 0
643 545 0
578 342 0
806 492 0
436 453 0
328 224 0
824 396 0
194 488 0
310 894 0
908 457 0
539 325 0
65 466 0
772 280 0
372 75 0
101 312 0
330 41 0
509 851 0
585 23 0
250 448 0
393 564 0
900 720 0
667 659 0
51 860 0
203 239 0
810 47 0
696 284 0
250 760 0
628 79 0
918 56 0
32 76 0
246 361 0
938 634 0
269 580 0
535 397 0
84 927 0
839 862 0
582 562 0
456 632 0
478 658 0
749 224 0
583 501 0
507 833 0
196 71 0
911 171 0
126 942 0
125 251 0
238 119 0
763 506 0
577 354 0
781 539 0
216 677 0
336 676 0
295 791 0
364 652 0
385 169 0
875 24 0
549 317 0
735 623 0
387 702 0
672 392 0
579 675 0
642 817 0
673 340 0
258 306 0
572 96 0
724 787 0
651 116 0
398 2 0
907 761 0
532 348 0
808 342 0
250 292 0
659 42 0
915 102 0
622 522 0
372 258 0
254 892 0
10 926 0
288 146 0
167 859 0
120 890 0
581 770 0
63 35 0
651 26 0
674 239 0
252 418 0
581 380 0
709 175 0
421 559 0
155 922 0
138 527 0
236 270 0
475 124 0
252 642 0
269 418 0
557 389 0
244 74 0
215 306 0
108 744 0
210 661 0
40 340 0
135 499 0
719 722 0
673 76 0
338 827 0
876 354 0
410 168 0
623 764 0
170 753 0
462 317 0
106 897 0
584 349 0
27 678 0
533 14 0
478 621 0
674 517 0
17 687 0
72 615 0
465 623 0
569 681 0
507 501 0
913 916 0
547 471 0
736 595 0
280 133 0
911 265 0
87 552 0
613 113 0
165 82 0
5 642 0
702 678 0
95 598 0
300 45 0
269 644 0
668 716 0
381 231 0
273 230 0
82 698 0
700 697 0
349 859 0
829 316 0
180 794 0
746 671 0
907 910 0
752 911 0
609 390 0
525 582 0
44 703 0
626 191 0
403 350 0
906 663 0
459 235 0
892 541 0
932 527 0
294 337 0
442 58 0
531 621 0
852 334 0
349 694 0
179 36 0
540 666 0
425 943 0
304 347 0
703 930 0
537 41 0
215 499 0
703 674 0
612 530 0
271 479 0
114 443 0
694 434 0
379 282 0
112 287 0
494 339 0
859 672 0
253 456 0
395 557 0
334 577 0
903 93 0
563 497 0
134 778 0
52 715 0
508 664 0
181 657 0
156 772 0
727 413 0
110 717 0
579 603 0
934 494 0
210 123 0
828 483 0
679 219 0
117 517 0
190 558 0
70 202 0
392 1 0
917 778 0
543 154 0
491 620 0
326 525 0
448 931 0
817 557 0
584 452 0
95 453 0
2 184 0
575 709 0
545 189 0
806 661 0
706 52 0
155 775 0
254 546 0
654 106 0
260 253 0
138 629 0
873 342 0
90 256 0
208 906 0
692 791 0
414 665 0
180 294 0
848 633 0
881 450 0
822 743 0
46 584 0
795 200 0
294 927 0
625 827 0
911 763 0
136 927 0
448 887 0
204 416 0
200 411 0
257 770 0
138 549 0
491 317 0
843 275 0
828 659 0
603 706 0
459 648 0
225 189 0
727 398 0
172 287 0
281 18 0
106 295 0
1 432 0
239 204 0
848 317 0
493 161 0
143 630 0
710 512 0
825 488 0
786 710 0
203 445 0
351 540 0
150 576 0
728 755 0
852 899 0
795 82 0
483 795 0
513 600 0
877 296 0
795 427 0
457 816 0
935 102 0
385 817 0
468 227 0
462 670 0
551 812 0
146 579 0
444 873 0
390 352 0
708 366 0
419 559 0
447 781 0
290 838 0
316 223 0
191 168 0
528 526 0
862 399 0
627 303 0
272 151 0
409 612 0
699 16 0
480 844 0
594 803 0
774 862 0
90 417 0
284 509 0
32 609 0
225 200 0
503 540 0
302 693 0
707 829 0
275 626 0
284 901 0
807 434 0
930 151 0
102 565 0
166 461 0
344 638 0
320 53 0
556 409 0
469 718 0
796 501 0
383 77 0
700 886 0
617 58 0
635 259 0
766 789 0
763 928 0
625 506 0
298 612 0
656 278 0
112 822 0
738 455 0
395 936 0
508 830 0
402 33 0
604 133 0
412 866 0
210 48 0
808 826 0
105 378 0
20 749 0
223 783 0
613 727 0
345 910 0
395 57 0
244 385 0
757 861 0
839 88 0
853 403 0
917 190 0
436 456 0
323 847 0
378 411 0
894 242 0
172 878 0
499 191 0
562 600 0
852 231 0
383 132 0
197 656 0
68 320 0
97 824 0
237 936 0
790 25 0
274 763 0
215 709 0
276 416 0
492 653 0
705 321 0
774 876 0
134 208 0
123 696 0
807 854 0
926 126 0
42 59 0
781 109 0
257 757 0
812 493 0
628 658 0
396 901 0
478 489 0
667 632 0
783 94 0
220 544 0
414 50 0
476 427 0
257 478 0
179 943 0
388 40 0
125 308 0
920 905 0
417 233 0
597 164 0
604 281 0
821 879 0
239 234 0
424 784 0
877 21 0
807 226 0
70 219 0
652 206 0
205 19 0
628 329 0
205 483 0
169 500 0
716 766 0
663 255 0
925 541 0
190 220 0
653 493 0
60 454 0
756 815 0
474 498 0
98 422 0
595 628 0
627 226 0
273 710 0
123 779 0
95 328 0
318 143 0
827 912 0
787 547 0
224 768 0
23 292 0
45 554 0
784 926 0
64 475 0
798 416 0
852 774 0
838 503 0
337 400 0
729 609 0
167 730 0
323 261 0
114 641 0
282 820 0
609 125 0
302 711 0
893 324 0
60 816 0
877 722 0
798 820 0
254 652 0
292 41 0
482 186 0
543 819 0
586 207 0
363 631 0
816 686 0
891 929 0
262 109 0
684 870 0
233 42 0
517 61 0
365 455 0
876 178 0
112 731 0
876 244 0
318 224 0
284 679 0
289 706 0
554 753 0
912 795 0
440 663 0
416 266 0
649 677 0
374 389 0
483 486 0
310 56 0
546 674 0
389 479 0
730 500 0
145 662 0
744 462 0
765 84 0
197 110 0
789 629 0
741 637 0
360 237 0
356 775 0
381 883 0
509 755 0
208 870 0
176 517 0
804 721 0
126 249 0
135 735 0
627 279 0
332 427 0
741 153 0
390 816 0
141 114 0
502 881 0
629 861 0
53 864 0
571 434 0
682 15 0
124 889 0
884 299 0
341 744 0
898 346 0
871 90 0
16 434 0
368 347 0
860 44 0
500 185 0
860 519 0
178 297 0
457 806 0
93 388 0
605 542 0
821 344 0
557 823 0
168 376 0
57 388 0
56 12 0
733 926 0
101 748 0
416 347 0
30 212 0
270 529 0
275 186 0
105 452 0
361 440 0
194 332 0
827 798 0
873 584 0
198 486 0
342 366 0
753 917 0
289 421 0
778 268 0
104 130 0
614 133 0
220 762 0
541 494 0
4 524 0
3 243 0
842 196 0
574 725 0
50 504 0
244 127 0
46 586 0
371 786 0
863 59 0
638 208 0
479 473 0
475 461 0
481 24 0
593 700 0
786 69 0
250 668 0
592 131 0
911 369 0
205 420 0
151 134 0
923 273 0
260 848 0
737 509 0
569 656 0
567 264 0
863 924 0
615 273 0
441 152 0
176 912 0
730 840 0
860 858 0
443 387 0
46 289 0
756 250 0
709 785 0
262 567 0
114 400 0
471 851 0
908 919 0
563 531 0
239 362 0
511 732 0
513 830 0
883 567 0
678 669 0
463 594 0
583 785 0
859 507 0
130 671 0
636 838 0
512 897 0
341 626 0
354 690 0
412 318 0
665 31 0
728 903 0
271 174 0
570 663 0
286 496 0
113 628 0
25 575 0
469 883 0
17 598 0
611 652 0
372 179 0
485 591 0
683 717 0
337 151 0
913 59 0
61 576 0
840 210 0
750 467 0
872 568 0
854 215 0
120 846 0
842 144 0
477 246 0
83 372 0
722 693 0
903 150 0
751 444 0
740 490 0
96 13 0
520 65 0
71 459 0
520 789 0
668 326 0
312 597 0
893 102 0
811 69 0
4 588 0
212 359 0
712 173 0
730 490 0
866 689 0
519 552 0
68 194 0
920 42 0
206 496 0
929 155 0
11 505 0
1 679 0
709 191 0
211 658 0
292 900 0
605 295 0
544 695 0
532 191 0
867 319 0
680 668 0
886 134 0
276 833 0
328 253 0
753 412 0
748 738 0
567 638 0
299 446 0
252 64 0
636 462 0
600 928 0
418 140 0
158 840 0
834 690 0
87 758 0
361 708 0
779 637 0
476 42 0
889 286 0
453 572 0
80 898 0
145 258 0
400 396 0
200 93 0
857 679 0
899 331 0
818 935 0
106 709 0
560 192 0
402 503 0
837 762 0
147 551 0
334 622 0
592 158 0
907 101 0
609 866 0
56 753 0
59 334 0
85 258 0
426 820 0
936 260 0
208 690 0
252 192 0
455 811 0
384 735 0
250 156 0
432 396 0
706 766 0
896 354 0
802 739 0
333 467 0
540 267 0
156 598 0
601 240 0
734 905 0
116 606 0
222 202 0
394 685 0
98 656 0
476 347 0
811 786 0
621 452 0
608 574 0
805 346 0
248 73 0
812 787 0
340 24 0
441 819 0
142 110 0
659 258 0
715 880 0
338 2 0
167 731 0
686 265 0
443 97 0
490 189 0
883 168 0
640 426 0
771 867 0
453 640 0
589 671 0
542 86 0
425 684 0
74 140 0
820 789 0
899 214 0
790 122 0
824 533 0
265 202 0
508 755 0
801 909 0
873 477 0
346 579 0
279 677 0
154 867 0
283 696 0
831 707 0
315 904 0
846 191 0
628 680 0
283 475 0
681 163 0
886 2 0
365 329 0
635 634 0
776 492 0
599 584 0
847 1 0
219 61 0
556 373 0
806 838 0
4 572 0
601 318 0
533 383 0
387 96 0
941 669 0
570 678 0
832 391 0
559 132 0
720 250 0
765 431 0
621 420 0
893 403 0
300 168 0
343 734 0
419 205 0
629 301 0
777 165 0
618 245 0
426 883 0
340 424 0
609 789 0
158 376 0
115 595 0
507 713 0
724 328 0
79 401 0
626 28 0
682 804 0
75 81 0
595 493 0
165 280 0
794 820 0
323 347 0
121 749 0
287 339 0
229 895 0
184 265 0
206 178 0
860 712 0
890 519 0
918 26 0
919 479 0
53 536 0
340 6 0
496 813 0
499 539 0
28 228 0
415 350 0
574 414 0
34 739 0
752 262 0
569 815 0
406 774 0
49 201 0
542 817 0
719 395 0
721 573 0
44 149 0
658 539 0
18 213 0
134 45 0
319 548 0
273 893 0
840 307 0
567 649 0
447 193 0
520 852 0
23 447 0
931 444 0
199 706 0
838 920 0
214 647 0
629 258 0
795 343 0
796 812 0
435 809 0
735 753 0
292 887 0
581 189 0
250 205 0
837 696 0
397 292 0
484 298 0
617 471 0
741 815 0
113 636 0
791 326 0
339 355 0
583 191 0
577 315 0
881 68 0
180 552 0
699 471 0
495 216 0
538 623 0
299 310 0
254 695 0
480 737 0
871 153 0
144 669 0
847 256 0
361 694 0
460 578 0
928 922 0
647 561 0
293 464 0
628 351 0
72 262 0
700 445 0
477 295 0
124 775 0
604 377 0
405 141 0
50 333 0
293 193 0
58 75 0
327 297 0
648 665 0
874 632 0
643 457 0
249 814 0
920 755 0
221 48 0
895 921 0
371 429 0
272 494 0
139 754 0
749 544 0
894 798 0
755 123 0
869 691 0
197 131 0
44 844 0
411 374 0
309 659 0
245 285 0
349 465 0
211 301 0
321 581 0
729 592 0
131 746 0
403 759 0
346 232 0
613 36 0
354 418 0
726 430 0
548 648 0
209 279 0
501 620 0
653 688 0
214 897 0
30 563 0
297 119 0
863 618 0
700 527 0
145 709 0
329 426 0
524 554 0
658 73 0
589 890 0
369 251 0
255 795 0
898 464 0
131 334 0
140 783 0
79 353 0
615 930 0
794 911 0
105 713 0
464 683 0
175 609 0
449 383 0
91 851 0
936 748 0
802 460 0
574 106 0
710 828 0
901 544 0
348 88 0
877 366 0
749 12 0
719 420 0
941 569 0
266 925 0
218 730 0
664 392 0
395 48 0
653 485 0
778 645 0
169 515 0
41 742 0
621 629 0
626 578 0
229 31 0
544 163 0
275 349 0
53 50 0
768 873 0
498 90 0
854 594 0
698 574 0
864 149 0
501 574 0
513 335 0
154 681 0
849 194 0
479 526 0
702 40 0
39 930 0
892 582 0
28 224 0
930 903 0
152 633 0
832 649 0
602 742 0
178 356 0
251 99 0
384 630 0
672 896 0
21 825 0
633 749 0
898 47 0
331 656 0
908 249 0
521 857 0
830 428 0
16 696 0
387 167 0
385 275 0
695 865 0
895 872 0
157 81 0
849 540 0
711 577 0
492 610 0
338 60 0
415 292 0
928 625 0
826 892 0
873 403 0
684 638 0
709 578 0
390 152 0
624 654 0
305 375 0
575 135 0
182 731 0
216 88 0
327 805 0
664 697 0
350 880 0
756 765 0
107 619 0
325 932 0
447 133 0
271 66 0
770 36 0
644 217 0
188 324 0
870 371 0
577 501 0
506 758 0
168 600 0
724 494 0
340 324 0
127 689 0
260 882 0
389 367 0
437 592 0
355 883 0
724 504 0
827 551 0
540 406 0
767 606 0
729 572 0
33 241 0
129 417 0
56 175 0
895 779 0
669 291 0
38 795 0
859 298 0
612 304 0
664 927 0
775 897 0
745 555 0
337 629 0
162 876 0
91 807 0
417 699 0
435 328 0
939 443 0
745 873 0
617 696 0
588 342 0
866 625 0
72 781 0
922 563 0
20 521 0
546 794 0
354 348 0
406 690 0
33 446 0
501 2 0
310 796 0
700 744 0
180 696 0
243 803 0
504 860 0
435 148 0
137 357 0
773 88 0
194 630 0
650 92 0
208 252 0
765 440 0
599 227 0
65 510 0
551 565 0
512 860 0
417 147 0
540 475 0
721 782 0
335 282 0
577 769 0
429 714 0
182 137 0
680 254 0
767 386 0
224 853 0
637 45 0
349 172 0
150 413 0
560 701 0
856 7 0
617 208 0
33 92 0
682 753 0
874 73 0
91 386 0
841 399 0
35 901 0
535 714 0
90 237 0
156 314 0
25 672 0
358 373 0
722 508 0
664 338 0
265 455 0
224 760 0
662 256 0
852 280 0
65 661 0
352 35 0
103 129 0
312 17 0
908 725 0
730 55 0
19 886 0
368 43 0
493 725 0
295 271 0
168 837 0
487 311 0
228 710 0
128 768 0
844 858 0
104 788 0
575 335 0
822 556 0
342 190 0
914 238 0
239 811 0
59 485 0
733 551 0
146 906 0
700 313 0
799 243 0
624 83 0
832 630 0
730 611 0
544 833 0
455 54 0
224 333 0
488 444 0
401 117 0
750 251 0
233 867 0
118 291 0
409 850 0
841 554 0
812 597 0
866 547 0
718 425 0
508 485 0
111 294 0
153 533 0
63 607 0
586 165 0
819 131 0
609 276 0
126 294 0
405 358 0
217 523 0
527 625 0
308 424 0
235 56 0
899 37 0
481 673 0
461 867 0
215 572 0
97 246 0
161 159 0
852 626 0
323 606 0
635 931 0
761 639 0
281 222 0
875 377 0
623 458 0
58 931 0
881 172 0
865 715 0
208 281 0
444 547 0
204 537 0
54 300 0
782 215 0
337 570 0
719 660 0
232 410 0
526 49 0
927 686 0
150 858 0
119 772 0
372 55 0
638 188 0
226 559 0
902 312 0
718 281 0
859 801 0
697 791 0
157 535 0
62 494 0
40 659 0
89 151 0
4 614 0
78 930 0
356 227 0
844 353 0
56 151 0
408 693 0
338 512 0
188 175 0
703 905 0
456 618 0
641 209 0
344 798 0
622 406 0
227 541 0
943 315 0
691 4 0
807 647 0
933 220 0
874 713 0
451 929 0
863 858 0
557 137 0
427 744 0
190 186 0
585 524 0
682 282 0
732 82 0
15 290 0
366 120 0
709 366 0
434 335 0
248 177 0
38 237 0
275 911 0
6 725 0
775 869 0
640 268 0
884 2 0
890 130 0
66 531 0
654 626 0
692 321 0
586 585 0
489 9 0
705 254 0
253 74 0
588 500 0
129 505 0
615 403 0
351 621 0
185 183 0
425 824 0
450 244 0
704 396 0
373 769 0
806 905 0
330 433 0
283 915 0
896 650 0
802 536 0
904 111 0
489 427 0
489 617 0
810 40 0
77 218 0
660 261 0
279 20 0
20 607 0
142 602 0
881 514 0
306 743 0
355 635 0
111 637 0
606 886 0
343 465 0
478 182 0
454 23 0
488 822 0
519 354 0
861 595 0
450 456 0
734 728 0
475 753 0
391 616 0
411 329 0
65 595 0
7 419 0
286 940 0
934 891 0
882 213 0
291 295 0
394 624 0
318 760 0
502 836 0
50 419 0
366 499 0
874 156 0
787 553 0
778 133 0
881 842 0
727 767 0
197 69 0
763 187 0
838 701 0
399 186 0
874 672 0
809 127 0
367 246 0
841 416 0
664 263 0
915 473 0
418 134 0
756 261 0
686 590 0
393 624 0
367 55 0
326 563 0
123 145 0
629 18 0
724 84 0
82 654 0
634 769 0
781 58 0
71 678 0
473 734 0
820 323 0
263 173 0
456 897 0
434 199 0
543 705 0
701 909 0
760 83 0
408 761 0
106 93 0
778 829 0
55 738 0
418 689 0
563 134 0
625 633 0
302 567 0
356 443 0
739 811 0
888 817 0
813 524 0
662 508 0
606 126 0
204 590 0
97 861 0
475 151 0
655 772 0
718 154 0
905 399 0
665 652 0
432 24 0
275 787 0
345 71 0
533 620 0
178 478 0
372 869 0
58 90 0
312 543 0
94 516 0
189 190 0
433 543 0
220 144 0
371 937 0
176 332 0
272 841 0
41 703 0
743 315 0
546 23 0
385 135 0
642 442 0
491 71 0
367 549 0
39 679 0
27 133 0
251 215 0
201 562 0
757 420 0
584 184 0
293 760 0
395 564 0
657 435 0
323 456 0
628 747 0
478 892 0
760 56 0
390 308 0
5 635 0
735 43 0
370 761 0
175 499 0
32 255 0
117 668 0
674 701 0
730 23 0
396 181 0
465 109 0
494 787 0
443 58 0
469 799 0
6 286 0
733 274 0
593 737 0
908 263 0
780 214 0
80 833 0
591 933 0
144 587 0
536 818 0
223 323 0
719 618 0
503 241 0
726 876 0
906 104 0
933 432 0
781 938 0
717 571 0
147 245 0
364 933 0
507 200 0
82 465 0
90 673 0
333 233 0
316 869 0
929 417 0
248 584 0
91 629 0
824 695 0
561 665 0
798 429 0
153 635 0
302 869 0
262 448 0
49 505 0
317 434 0
704 398 0
898 672 0
127 288 0
784 321 0
92 648 0
737 339 0
288 706 0
846 47 0
457 343 0
712 190 0
771 864 0
825 130 0
669 22 0
456 717 0
405 772 0
208 45 0
227 41 0
716 232 0
207 435 0
432 298 0
140 104 0
515 427 0
810 418 0
474 202 0
760 242 0
392 466 0
41 152 0
474 709 0
52 930 0
362 457 0
637 448 0
501 742 0
488 152 0
31 695 0
587 341 0
871 605 0
444 443 0
910 189 0
739 440 0
391 434 0
560 782 0
899 480 0
812 430 0
245 863 0
295 606 0
376 810 0
110 755 0
609 477 0
786 518 0
107 429 0
858 34 0
912 237 0
355 878 0
426 150 0
254 816 0
583 692 0
533 418 0
228 401 0
726 473 0
199 899 0
14 454 0
765 3 0
265 309 0
479 107 0
826 464 0
414 619 0
497 382 0
735 852 0
196 217 0
880 449 0
911 399 0
76 379 0
816 304 0
658 598 0
655 856 0
432 668 0
366 253 0
549 631 0
562 906 0
616 323 0
426 909 0
821 923 0
347 612 0
710 421 0
707 525 0
748 674 0
923 824 0
931 674 0
184 645 0
207 838 0
557 638 0
441 923 0
891 869 0
489 388 0
831 40 0
589 314 0
5 345 0
293 231 0
13 881 0
651 598 0
462 456 0
328 321 0
336 194 0
51 398 0
838 258 0
171 452 0
774 490 0
310 721 0
415 798 0
44 303 0
837 512 0
616 721 0
856 787 0
8 869 0
603 658 0
402 943 0
49 730 0
320 263 0
802 250 0
660 697 0
386 709 0
205 216 0
256 514 0
816 549 0
247 738 0
851 19 0
306 402 0
739 219 0
124 746 0
23 726 0
726 388 0
89 924 0
651 891 0
230 246 0
644 615 0
12 727 0
710 146 0
176 582 0
694 301 0
376 481 0
319 682 0
882 937 0
779 63 0
618 801 0
667 14 0
160 449 0
402 249 0
430 931 0
75 538 0
112 718 0
89 123 0
380 798 0
147 555 0
315 720 0
855 690 0
257 109 0
307 74 0
102 142 0
15 720 0
821 682 0
612 860 0
66 892 0
165 495 0
879 118 0
912 48 0
714 57 0
49 150 0
733 75 0
583 104 0
794 494 0
793 107 0
481 36 0
180 462 0
56 74 0
117 756 0
672 820 0
677 715 0
251 491 0
832 219 0
417 602 0
154 466 0
630 886 0
540 269 0
46 269 0
641 717 0
375 178 0
752 433 0
518 808 0
506 634 0
499 317 0
298 227 0
73 31 0
400 708 0
420 817 0
245 573 0
218 874 0
515 636 0
199 560 0
904 839 0
333 214 0
646 470 0
707 88 0
160 262 0
283 457 0
488 355 0
366 243 0
556 645 0
7 32 0
518 130 0
604 614 0
60 175 0
185 137 0
613 24 0
32 3 0
237 926 0
845 761 0
452 608 0
848 491 0
869 67 0
826 292 0
421 249 0
534 34 0
772 419 0
65 225 0
838 607 0
601 901 0
743 271 0
924 653 0
152 96 0
514 53 0
856 845 0
660 640 0
392 464 0
585 153 0
755 62 0
280 224 0
917 108 0
642 39 0
332 246 0
465 105 0
731 122 0
62 409 0
392 42 0
940 422 0
16 510 0
353 751 0
290 69 0
326 681 0
411 910 0
713 222 0
28 49 0
445 2 0
157 22 0
862 367 0
146 262 0
472 755 0
220 654 0
454 95 0
132 469 0
484 485 0
155 773 0
432 480 0
390 843 0
446 159 0
943 353 0
86 324 0
233 242 0
345 151 0
488 491 0
412 16 0
302 673 0
427 401 0
383 880 0
495 394 0
285 857 0
757 439 0
687 245 0
919 133 0
23 300 0
170 23 0
652 255 0
346 884 0
376 569 0
91 863 0
116 381 0
878 297 0
111 361 0
697 372 0
177 127 0
765 340 0
41 578 0
778 606 0
702 632 0
738 724 0
932 907 0
625 640 0
97 849 0
581 472 0
475 550 0
391 469 0
810 204 0
765 799 0
444 397 0
227 620 0
403 871 0
16 322 0
384 672 0
927 142 0
361 600 0
745 349 0
442 305 0
45 538 0
90 504 0
67 564 0
933 336 0
911 799 0
540 733 0
654 40 0
65 759 0
538 467 0
565 432 0
788 6 0
160 650 0
26 520 0
306 649 0
11 671 0
221 100 0
231 287 0
542 220 0
622 388 0
897 97 0
56 607 0
15 121 0
302 552 0
466 866 0
40 190 0
750 79 0
839 776 0
598 202 0
360 281 0
827 370 0
8 104 0
348 117 0
269 768 0
216 770 0
213 169 0
866 268 0
655 881 0
267 13 0
368 733 0
757 287 0
922 564 0
365 817 0
275 841 0
897 634 0
178 660 0
883 185 0
763 166 0
181 89 0
934 396 0
737 82 0
564 659 0
228 275 0
475 495 0
166 722 0
163 802 0
65 141 0
422 429 0
836 575 0
326 669 0
265 504 0
385 204 0
567 83 0
249 747 0
50 239 0
78 786 0
199 642 0
381 426 0
795 734 0
799 840 0
512 18 0
698 576 0
37 55 0
61 752 0
629 266 0
477 893 0
648 740 0
33 150 0
822 281 0
776 751 0
398 853 0
593 475 0
551 852 0
779 282 0
643 635 0
178 211 0
531 875 0
666 447 0
808 605 0
255 493 0
870 731 0
321 453 0
406 232 0
603 284 0
391 435 0
913 667 0
344 563 0
198 774 0
350 34 0
934 49 0
547 168 0
139 13 0
921 804 0
459 785 0
344 713 0
213 150 0
379 533 0
602 784 0
765 140 0
4 212 0
574 916 0
879 797 0
414 12 0
506 764 0
867 375 0
691 349 0
542 708 0
362 398 0
447 820 0
118 791 0
469 330 0
940 726 0
862 598 0
567 562 0
617 449 0
653 126 0
300 467 0
922 593 0
478 363 0
292 281 0
737 39 0
629 214 0
626 47 0
490 129 0
746 607 0
919 150 0
936 915 0
875 734 0
449 377 0
231 122 0
825 883 0
247 61 0
285 105 0
653 642 0
346 823 0
922 19 0
740 607 0
111 422 0
533 601 0
551 214 0
143 526 0
363 15 0
377 294 0
627 825 0
671 857 0
825 431 0
676 7 0
370 17 0
933 901 0
658 336 0
780 636 0
233 577 0
179 343 0
55 711 0
822 605 0
924 22 0
67 222 0
36 443 0
515 541 0
203 121 0
454 84 0
431 186 0
912 800 0
82 902 0
637 739 0
173 473 0
311 405 0
106 489 0
626 40 0
135 505 0
644 937 0
405 710 0
215 319 0
88 608 0
859 290 0
729 248 0
252 95 0
313 221 0
773 394 0
58 466 0
68 109 0
939 378 0
513 923 0
745 74 0
19 758 0
457 542 0
751 861 0
187 22 0
115 275 0
630 30 0
443 294 0
157 695 0
388 469 0
794 96 0
862 730 0
562 929 0
838 436 0
243 286 0
415 866 0
238 434 0
681 695 0
854 367 0
491 97 0
389 606 0
250 897 0
514 693 0
126 670 0
323 513 0
74 52 0
608 935 0
781 105 0
800 554 0
540 99 0
839 12 0
843 12 0
324 580 0
706 113 0
4 133 0
209 271 0
738 459 0
103 187 0
208 228 0
736 409 0
619 809 0
460 162 0
680 297 0
267 536 0
850 685 0
513 624 0
575 291 0
635 777 0
750 277 0
889 632 0
409 155 0
492 883 0
147 578 0
167 882 0
43 664 0
627 502 0
825 242 0
798 27 0
777 583 0
712 225 0
142 222 0
515 655 0
56 321 0
810 1 0
831 275 0
34 789 0
235 525 0
607 382 0
159 652 0
199 201 0
372 825 0
702 133 0
123 435 0
38 778 0
896 628 0
881 916 0
850 332 0
507 905 0
531 373 0
784 419 0
527 818 0
143 761 0
399 750 0
199 558 0
458 398 0
637 709 0
158 396 0
841 160 0
709 878 0
816 541 0
563 754 0
513 469 0
142 76 0
309 551 0
449 149 0
26 32 0
23 169 0
671 301 0
918 870 0
858 311 0
203 430 0
76 360 0
704 916 0
398 470 0
730 271 0
67 349 0
81 458 0
696 101 0
534 61 0
651 861 0
209 556 0
771 111 0
724 498 0
411 577 0
303 204 0
766 505 0
633 721 0
744 394 0
693 198 0
742 358 0
347 808 0
585 306 0
322 337 0
285 734 0
276 815 0
651 485 0
427 357 0
474 86 0
855 884 0
541 93 0
23 363 0
598 655 0
140 277 0
927 712 0
353 725 0
5 579 0
468 590 0
884 669 0
926 226 0
459 259 0
97 46 0
622 523 0
281 31 0
487 71 0
793 84 0
164 815 0
325 640 0
405 344 0
916 389 0
112 204 0
49 116 0
782 396 0
584 723 0
121 567 0
827 458 0
704 802 0
503 382 0
260 663 0
291 746 0
733 140 0
829 896 0
11 89 0
592 294 0
432 443 0
682 422 0
526 610 0
538 364 0
62 178 0
22 61 0
623 727 0
518 383 0
585 900 0
643 844 0
619 933 0
646 408 0
8 410 0
361 18 0
499 831 0
312 809 0
210 872 0
288 735 0
417 704 0
34 357 0
417 440 0
661 935 0
701 303 0
770 280 0
852 156 0
73 148 0
52 571 0
858 242 0
316 124 0
50 603 0
737 466 0
363 770 0
702 179 0
704 175 0
497 301 0
45 255 0
603 814 0
413 684 0
194 560 0
347 925 0
594 420 0
129 646 0
869 865 0
766 241 0
867 815 0
722 660 0
217 141 0
366 918 0
320 5 0
28 695 0
305 895 0
6 786 0
765 297 0
406 16 0
857 752 0
940 386 0
107 4 0
88 855 0
748 733 0
31 671 0
604 753 0
267 699 0
893 511 0
552 148 0
515 580 0
843 820 0
531 727 0
541 231 0
81 3 0
125 816 0
634 943 0
258 619 0
826 225 0
530 630 0
14 561 0
236 496 0
370 381 0
252 198 0
891 803 0
346 463 0
318 245 0
218 727 0
850 758 0
837 930 0
640 18 0
681 330 0
18 939 0
5 722 0
220 414 0
287 233 0
31 522 0
728 279 0
782 858 0
476 729 0
597 821 0
127 914 0
1 344 0
698 730 0
38 591 0
595 677 0
487 333 0
885 383 0
328 768 0
161 426 0
238 447 0
537 147 0
848 200 0
304 686 0
115 780 0
471 711 0
536 598 0
560 416 0
820 193 0
202 857 0
662 796 0
469 206 0
185 289 0
588 391 0
936 628 0
695 109 0
131 167 0
256 857 0
367 438 0
599 360 0
274 6 0
6 810 0
603 565 0
282 358 0
758 362 0
151 476 0
214 498 0
560 278 0
787 205 0
547 779 0
711 299 0
887 841 0
344 78 0
755 710 0
516 289 0
126 668 0
294 10 0
413 775 0
575 694 0
190 268 0
934 340 0
743 205 0
716 239 0
361 559 0
443 907 0
273 89 0
141 96 0
929 485 0
173 619 0
130 567 0
787 135 0
292 137 0
144 704 0
912 718 0
334 37 0
42 324 0
255 664 0
407 27 0
902 767 0
465 280 0
610 737 0
247 629 0
832 232 0
170 884 0
730 300 0
386 573 0
434 556 0
588 456 0
317 435 0
231 529 0
471 151 0
731 604 0
693 74 0
631 530 0
840 152 0
688 385 0
767 934 0
71 656 0
102 240 0
475 710 0
418 860 0
473 805 0
243 668 0
297 352 0
132 646 0
502 862 0
307 131 0
935 937 0
660 711 0
24 284 0
152 790 0
274 222 0
381 254 0
341 734 0
20 637 0
651 237 0
424 59 0
99 545 0
726 274 0
896 736 0
798 333 0
654 161 0
463 525 0
33 59 0
171 56 0
342 322 0
725 494 0
423 41 0
748 642 0
775 767 0
335 361 0
883 637 0
419 860 0
238 80 0
815 44 0
523 404 0
84 864 0
928 116 0
51 199 0
356 654 0
693 657 0
573 376 0
355 404 0
199 689 0
764 17 0
262 118 0
876 499 0
197 1 0
568 890 0
867 26 0
351 7 0
889 214 0
1 747 0
248 873 0
2 603 0
583 573 0
195 213 0
5 549 0
495 83 0
173 195 0
921 434 0
312 854 0
812 388 0
854 436 0
334 777 0
461 563 0
662 406 0
777 663 0
88 81 0
592 90 0
562 111 0
541 756 0
202 425 0
361 696 0
386 412 0
769 363 0
846 17 0
152 714 0
404 63 0
206 616 0
718 545 0
236 437 0
7 891 0
156 95 0
63 589 0
736 482 0
401 937 0
785 640 0
569 227 0
108 394 0
469 832 0
410 620 0
481 692 0
682 565 0
244 457 0
166 358 0
772 52 0
305 927 0
25 332 0
609 87 0
799 281 0
447 256 0
153 289 0
774 721 0
394 881 0
51 862 0
649 460 0
418 186 0
88 156 0
751 331 0
491 916 0
688 319 0
24 49 0
181 870 0
259 669 0
835 114 0
6 339 0
248 158 0
506 78 0
758 899 0
837 808 0
697 542 0
203 171 0
728 169 0
205 414 0
499 575 0
265 122 0
772 168 0
49 10 0
94 307 0
557 929 0
299 562 0
324 546 0
598 829 0
502 291 0
663 396 0
155 416 0
816 237 0
465 600 0
405 670 0
892 783 0
301 214 0
783 129 0
381 832 0
17 474 0
195 573 0
459 373 0
191 661 0
918 668 0
425 356 0
15 145 0
751 49 0
439 502 0
164 904 0
38 447 0
630 929 0
165 809 0
199 5 0
937 579 0
836 11 0
932 909 0
462 447 0
338 532 0
44 192 0
256 468 0
547 149 0
491 233 0
76 930 0
734 118 0
769 650 0
565 455 0
636 729 0
199 834 0
612 71 0
349 504 0
81 337 0
349 422 0
662 686 0
10 705 0
756 265 0
230 238 0
292 720 0
349 247 0
585 140 0
364 410 0
789 928 0
743 360 0
593 941 0
251 261 0
69 478 0
644 28 0
814 49 0
449 532 0
613 458 0
294 426 0
601 402 0
663 893 0
178 69 0
196 763 0
87 559 0
229 754 0
423 29 0
50 894 0
848 300 0
90 916 0
656 733 0
1 526 0
781 328 0
936 330 0
786 286 0
755 443 0
687 353 0
271 744 0
300 345 0
563 265 0
783 670 0
898 262 0
577 4 0
91 482 0
303 180 0
454 15 0
913 333 0
419 629 0
661 411 0
15 382 0
576 648 0
824 198 0
880 31 0
941 236 0
375 439 0
380 214 0
166 334 0
354 621 0
337 444 0
159 518 0
624 492 0
411 472 0
703 829 0
157 420 0
175 51 0
680 750 0
698 440 0
827 513 0
470 824 0
628 844 0
199 64 0
937 243 0
397 226 0
863 733 0
670 901 0
186 229 0
449 596 0
700 87 0
360 856 0
386 534 0
220 419 0
561 103 0
931 87 0
805 615 0
810 882 0
678 682 0
181 10 0
621 633 0
880 806 0
740 264 0
458 496 0
350 817 0
287 129 0
857 385 0
426 353 0
366 414 0
440 227 0
907 185 0
45 521 0
866 225 0
530 708 0
204 208 0
70 73 0
403 407 0
569 632 0
159 735 0
423 445 0
742 215 0
708 225 0
568 130 0
517 886 0
236 480 0
127 280 0
879 871 0
504 466 0
635 587 0
552 911 0
726 500 0
41 65 0
906 488 0
696 1 0
158 175 0
324 899 0
269 89 0
59 836 0
218 575 0
778 332 0
934 904 0
611 869 0
710 51 0
270 401 0
637 821 0
369 298 0
257 288 0
362 98 0
654 936 0
98 811 0
47 422 0
766 315 0
510 825 0
86 606 0
335 863 0
938 325 0
702 484 0
130 468 0
413 278 0
868 106 0
156 172 0
338 523 0
388 48 0
516 486 0
858 441 0
907 681 0
755 352 0
441 840 0
14 654 0
638 830 0
36 396 0
371 44 0
742 783 0
321 545 0
768 355 0
596 929 0
645 933 0
508 912 0
38 902 0
454 895 0
399 296 0
511 89 0
526 8 0
807 539 0
662 501 0
305 576 0
775 554 0
498 452 0
393 818 0
54 96 0
109 649 0
903 632 0
638 468 0
600 675 0
305 110 0
506 583 0
284 73 0
671 809 0
903 414 0
284 500 0
914 588 0
11 625 0
198 508 0
133 469 0
261 65 0
444 369 0
713 403 0
58 287 0
749 657 0
840 933 0
646 402 0
572 808 0
475 178 0
674 434 0
591 836 0
812 441 0
480 822 0
1 556 0
386 133 0
81 525 0
77 524 0
894 789 0
806 830 0
11 611 0
543 851 0
600 124 0
309 107 0
932 662 0
285 541 0
31 754 0
433 842 0
130 791 0
720 130 0
403 41 0
142 483 0
566 218 0
886 395 0
885 748 0
281 896 0
294 702 0
682 894 0
826 47 0
879 693 0
709 220 0
290 618 0
31 601 0
517 39 0
448 172 0
169 850 0
213 310 0
268 657 0
406 210 0
108 347 0
836 388 0
178 66 0
146 859 0
838 850 0
906 773 0
478 550 0
50 767 0
103 902 0
303 619 0
940 750 0
791 44 0
535 882 0
474 637 0
891 581 0
41 784 0
847 97 0
13 743 0
778 797 0
451 312 0
403 500 0
15 384 0
337 196 0
60 213 0
3 729 0
256 537 0
546 488 0
275 76 0
60 223 0
535 100 0
885 438 0
197 669 0
365 88 0
347 78 0
884 797 0
269 222 0
354 162 0
605 569 0
357 543 0
781 359 0
328 916 0
775 752 0
339 106 0
827 398 0
207 418 0
377 148 0
734 452 0
816 156 0
539 219 0
112 479 0
73 380 0
579 305 0
541 240 0
873 777 0
783 590 0
192 46 0
441 845 0
798 779 0
830 681 0
112 93 0
35 488 0
241 768 0
818 113 0
802 413 0
332 793 0
770 283 0
229 405 0
587 649 0
524 395 0
482 363 0
863 552 0
408 360 0
333 141 0
74 219 0
701 186 0
311 735 0
552 551 0
438 427 0
543 176 0
718 753 0
25 545 0
92 132 0
828 678 0
780 408 0
8 197 0
649 871 0
166 17 0
133 240 0
235 833 0
304 545 0
503 734 0
32 941 0
217 574 0
173 814 0
383 197 0
294 353 0
328 178 0
909 44 0
465 916 0
119 49 0
843 746 0
41 888 0
762 174 0
184 53 0
885 487 0
477 445 0
277 508 0
442 373 0
17 493 0
122 278 0
568 415 0
630 774 0
471 595 0
696 814 0
446 815 0
863 225 0
617 903 0
169 436 0
12 231 0
367 897 0
596 843 0
398 751 0
286 718 0
180 302 0
146 301 0
458 713 0
594 23 0
422 122 0
496 175 0
935 942 0
46 733 0
223 662 0
693 270 0
33 583 0
500 400 0
536 152 0
178 812 0
902 464 0
465 18 0
644 610 0
197 38 0
258 791 0
60 680 0
791 556 0
854 661 0
554 899 0
451 655 0
496 79 0
803 408 0
661 359 0
686 133 0
389 863 0
823 347 0
262 224 0
243 785 0
712 440 0
822 27 0
166 881 0
706 835 0
493 495 0
552 925 0
329 881 0
515 703 0
16 374 0
167 556 0
732 852 0
688 56 0
651 446 0
282 912 0
669 524 0
753 438 0
842 510 0
464 886 0
448 105 0
777 819 0
478 265 0
801 685 0
81 372 0
444 919 0
625 490 0
531 292 0
398 154 0
348 927 0
599 629 0
896 204 0
88 584 0
641 930 0
151 40 0
751 477 0
23 464 0
352 379 0
607 88 0
120 687 0
339 563 0
662 20 0
109 249 0
190 386 0
402 537 0
369 880 0
101 200 0
140 189 0
663 659 0
54 692 0
698 804 0
225 599 0
324 455 0
34 930 0
422 153 0
553 760 0
594 271 0
658 582 0
399 847 0
24 800 0
615 420 0
608 69 0
469 540 0
760 102 0
401 863 0
700 603 0
374 733 0
469 795 0
764 78 0
490 415 0
227 83 0
53 625 0
809 898 0
361 185 0
104 32 0
483 453 0
665 27 0
400 69 0
566 95 0
50 23 0
14 749 0
505 388 0
418 30 0
118 117 0
929 487 0
531 212 0
569 462 0
716 434 0
295 133 0
497 399 0
43 37 0
730 586 0
885 187 0
655 507 0
160 583 0
409 174 0
388 913 0
440 684 0
821 557 0
680 685 0
922 146 0
775 548 0
608 547 0
860 781 0
558 293 0
115 601 0
208 845 0
243 149 0
910 776 0
655 126 0
415 120 0
178 682 0
911 617 0
301 667 0
110 37 0
408 88 0
183 240 0
514 669 0
665 431 0
506 280 0
602 621 0
880 809 0
401 58 0
836 367 0
713 426 0
371 184 0
546 549 0
744 392 0
101 102 0
116 210 0
17 523 0
298 199 0
641 811 0
867 363 0
177 309 0
642 778 0
929 457 0
522 386 0
514 414 0
631 283 0
840 880 0
346 321 0
364 146 0
591 465 0
126 706 0
674 143 0
165 850 0
341 805 0
718 144 0
224 773 0
452 865 0
608 316 0
257 65 0
580 771 0
358 146 0
932 133 0
82 213 0
453 325 0
238 100 0
789 363 0
685 519 0
384 849 0
426 604 0
710 79 0
626 813 0
851 13 0
613 394 0
328 870 0
459 786 0
576 816 0
931 443 0
827 891 0
656 336 0
272 772 0
314 939 0
70 877 0
515 454 0
782 819 0
114 428 0
897 739 0
176 683 0
751 788 0
714 471 0
799 225 0
222 665 0
668 105 0
491 259 0
319 642 0
87 511 0
516 156 0
445 909 0
609 162 0
784 601 0
468 616 0
275 643 0
235 904 0
488 368 0
917 137 0
717 651 0
362 938 0
251 86 0
921 621 0
344 296 0
198 430 0
806 713 0
464 186 0
679 130 0
348 519 0
609 694 0
71 884 0
394 305 0
844 881 0
551 697 0
74 324 0
283 314 0
197 534 0
399 174 0
90 621 0
348 287 0
107 89 0
56 450 0
154 734 0
579 501 0
189 123 0
130 138 0
63 523 0
442 786 0
339 871 0
539 292 0
130 821 0
605 326 0
290 61 0
378 379 0
560 604 0
665 546 0
692 600 0
52 845 0
269 630 0
281 457 0
752 411 0
473 694 0
812 793 0
536 208 0
720 10 0
499 849 0
830 160 0
110 56 0
99 487 0
434 659 0
147 35 0
261 718 0
634 312 0
498 902 0
820 658 0
295 507 0
125 767 0
136 815 0
617 671 0
79 272 0
559 456 0
178 325 0
616 287 0
380 593 0
653 692 0
308 799 0
726 447 0
452 416 0
637 7 0
254 513 0
664 548 0
899 667 0
371 91 0
538 866 0
641 496 0
195 256 0
8 251 0
580 502 0
537 838 0
152 246 0
587 338 0
924 369 0
664 432 0
664 357 0
317 917 0
749 37 0
521 704 0
582 770 0
673 56 0
693 370 0
551 766 0
505 558 0
73 20 0
939 488 0
858 147 0
734 501 0
363 593 0
869 83 0
81 589 0
440 398 0
441 124 0
313 18 0
706 895 0
788 435 0
7 416 0
684 436 0
117 245 0
872 189 0
264 867 0
676 178 0
70 345 0
557 433 0
937 362 0
515 897 0
829 833 0
351 327 0
13 542 0
344 718 0
372 67 0
89 257 0
361 772 0
692 477 0
895 621 0
544 277 0
272 493 0
500 707 0
804 494 0
125 254 0
447 11 0
144 676 0
216 35 0
274 559 0
632 525 0
505 720 0
781 865 0
427 530 0
278 378 0
207 821 0
471 629 0
178 533 0
385 860 0
905 388 0
171 287 0
277 314 0
19 492 0
227 171 0
930 858 0
695 491 0
513 533 0
291 818 0
941 447 0
252 83 0
325 602 0
711 236 0
158 768 0
647 421 0
684 608 0
809 854 0
894 21 0
103 791 0
513 209 0
841 378 0
2 471 0
747 515 0
882 94 0
389 879 0
541 520 0
18 744 0
57 608 0
36 214 0
432 683 0
635 51 0
226 379 0
905 56 0
399 886 0
725 790 0
151 501 0
224 153 0
29 27 0
546 789 0
943 934 0
725 419 0
389 621 0
219 324 0
285 133 0
538 595 0
694 108 0
646 799 0
854 884 0
428 635 0
731 579 0
193 833 0
610 100 0
860 212 0
888 738 0
81 548 0
213 470 0
226 310 0
793 389 0
321 266 0
863 72 0
373 565 0
870 858 0
929 659 0
678 413 0
229 344 0
870 300 0
233 536 0
399 28 0
626 223 0
765 707 0
770 34 0
112 874 0
222 783 0
320 543 0
106 239 0
614 478 0
682 419 0
272 667 0
13 6 0
15 241 0
228 764 0
541 460 0
235 818 0
367 861 0
97 188 0
624 867 0
101 614 0
797 322 0
453 52 0
864 558 0
169 413 0
915 850 0
710 243 0
452 722 0
127 346 0
842 354 0
166 439 0
692 279 0
313 115 0
196 410 0
303 698 0
212 282 0
368 65 0
603 821 0
117 403 0
314 164 0
694 285 0
71 340 0
406 401 0
118 532 0
746 16 0
885 790 0
333 634 0
5 646 0
627 79 0
934 929 0
777 202 0
267 80 0
145 749 0
779 140 0
87 29 0
304 780 0
313 374 0
176 719 0
653 173 0
186 335 0
67 128 0
181 279 0
640 185 0
924 323 0
264 793 0
188 919 0
51 333 0
877 195 0
17 592 0
335 103 0
620 638 0
762 811 0
890 816 0
465 478 0
45 651 0
812 934 0
657 50 0
269 232 0
113 128 0
433 255 0
799 499 0
109 849 0
832 865 0
922 848 0
513 192 0
830 68 0
708 648 0
757 533 0
520 279 0
68 444 0
808 879 0
313 400 0
807 460 0
510 799 0
466 942 0
110 321 0
498 98 0
105 265 0
19 83 0
48 531 0
154 877 0
477 740 0
460 169 0
330 859 0
326 276 0
238 190 0
211 550 0
468 897 0
66 34 0
752 410 0
33 740 0
730 409 0
837 834 0
552 855 0
916 599 0
321 5 0
412 676 0
745 750 0
845 10 0
665 227 0
285 902 0
296 495 0
387 763 0
327 331 0
797 14 0
740 708 0
754 526 0
52 526 0
416 603 0
438 268 0
137 637 0
151 427 0
370 895 0
113 150 0
904 777 0
376 245 0
615 671 0
619 880 0
370 824 0
268 102 0
838 886 0
809 648 0
348 739 0
230 642 0
277 546 0
909 292 0
119 939 0
719 367 0
890 831 0
516 730 0
543 891 0
853 93 0
498 407 0
30 867 0
288 176 0
847 182 0
940 712 0
708 344 0
386 816 0
43 541 0
298 830 0
832 416 0
825 486 0
782 651 0
252 354 0
437 674 0
180 225 0
766 556 0
632 674 0
358 798 0
849 261 0
36 725 0
851 622 0
125 172 0
494 167 0
712 791 0
876 601 0
142 757 0
143 923 0
464 274 0
212 779 0
4 271 0
883 769 0
826 571 0
379 120 0
425 163 0
380 339 0
887 167 0
839 69 0
338 389 0
114 107 0
116 46 0
586 257 0
803 728 0
116 202 0
880 327 0
860 883 0
597 799 0
588 359 0
305 23 0
478 608 0
185 736 0
825 129 0
781 720 0
76 176 0
44 189 0
161 38 0
235 746 0
295 916 0
409 289 0
174 346 0
494 912 0
285 148 0
767 872 0
385 7 0
773 741 0
493 15 0
533 374 0
22 250 0
29 97 0
425 73 0
285 585 0
110 519 0
387 283 0
491 795 0
450 544 0
76 1 0
512 361 0
148 215 0
168 411 0
100 820 0
208 593 0
834 619 0
845 734 0
868 874 0
830 228 0
825 50 0
812 813 0
569 134 0
32 938 0
808 481 0
417 883 0
481 929 0
179 507 0
79 226 0
917 178 0
102 60 0
649 814 0
558 551 0
604 361 0
360 369 0
589 120 0
418 336 0
932 43 0
470 20 0
860 213 0
380 333 0
152 860 0
197 210 0
303 275 0
435 155 0
332 415 0
215 859 0
285 651 0
466 767 0
68 704 0
192 656 0
823 609 0
871 691 0
531 276 0
589 326 0
488 25 0
658 518 0
764 734 0
727 123 0
887 97 0
277 275 0
511 370 0
191 795 0
77 535 0
618 145 0
175 688 0
679 876 0
354 606 0
502 763 0
881 148 0
145 425 0
51 681 0
822 693 0
471 605 0
815 415 0
702 28 0
568 148 0
276 637 0
108 496 0
376 161 0
120 933 0
93 473 0
596 474 0
292 412 0
500 315 0
716 550 0
52 594 0
300 402 0
134 50 0
695 714 0
899 198 0
862 111 0
835 740 0
463 821 0
171 717 0
38 290 0
706 9 0
641 237 0
482 811 0
528 38 0
182 300 0
467 113 0
772 645 0
514 905 0
573 265 0
555 408 0
462 352 0
518 232 0
148 859 0
109 197 0
511 25 0
487 152 0
856 184 0
389 273 0
874 795 0
190 112 0
30 656 0
224 801 0
236 616 0
641 687 0
759 131 0
151 278 0
482 547 0
388 508 0
462 376 0
705 851 0
400 248 0
310 327 0
464 240 0
178 653 0
231 207 0
244 333 0
64 358 0
6 583 0
101 764 0
714 131 0
920 252 0
677 365 0
760 75 0
740 400 0
925 75 0
526 41 0
266 835 0
367 608 0
11 423 0
317 120 0
629 439 0
452 571 0
796 336 0
90 896 0
157 803 0
905 12 0
933 639 0
255 628 0
592 51 0
84 573 0
5 609 0
493 149 0
380 859 0
756 390 0
339 8 0
388 846 0
446 839 0
474 177 0
232 442 0
8 267 0
301 913 0
278 169 0
487 533 0
797 135 0
462 880 0
707 345 0
546 256 0
372 925 0
51 184 0
250 268 0
70 637 0
170 515 0
411 522 0
570 642 0
20 578 0
787 199 0
547 1 0
368 90 0
412 221 0
103 752 0
157 809 0
33 581 0
1 404 0
562 51 0
588 690 0
318 657 0
383 366 0
108 794 0
888 556 0
190 94 0
42 615 0
916 409 0
583 384 0
629 685 0
71 664 0
430 103 0
302 430 0
507 742 0
480 30 0
489 676 0
686 750 0
98 672 0
479 864 0
164 729 0
707 353 0
822 748 0
847 794 0
92 486 0
113 720 0
228 183 0
319 657 0
165 620 0
22 671 0
298 380 0
700 786 0
112 321 0
471 88 0
872 7 0
9 92 0
735 594 0
444 492 0
277 347 0
221 368 0
712 333 0
23 818 0
394 341 0
410 558 0
840 431 0
285 194 0
810 863 0
858 800 0
241 385 0
766 48 0
270 774 0
139 61 0
303 461 0
552 579 0
687 772 0
3 455 0
40 25 0
208 434 0
245 617 0
870 141 0
104 91 0
213 792 0
10 127 0
527 129 0
390 349 0
176 660 0
59 193 0
599 361 0
654 208 0
819 397 0
858 821 0
730 777 0
725 937 0
146 26 0
610 72 0
166 592 0
162 257 0
319 51 0
262 845 0
58 651 0
129 113 0
246 187 0
305 845 0
427 15 0
931 302 0
290 724 0
179 76 0
557 782 0
69 702 0
807 557 0
653 851 0
205 693 0
164 402 0
622 425 0
303 680 0
12 432 0
792 257 0
497 32 0
37 923 0
869 846 0
160 215 0
627 218 0
170 119 0
56 117 0
700 863 0
674 409 0
649 757 0
158 813 0
95 780 0
294 397 0
395 184 0
707 122 0
441 140 0
153 356 0
941 900 0
259 158 0
172 764 0
254 220 0
761 309 0
336 517 0
107 888 0
925 756 0
581 19 0
504 675 0
677 797 0
7 128 0
860 593 0
128 236 0
732 280 0
591 608 0
237 728 0
765 287 0
548 897 0
385 366 0
263 720 0
761 248 0
544 622 0
640 563 0
734 252 0
296 619 0
379 212 0
268 506 0
447 878 0
664 916 0
543 779 0
701 243 0
1 184 0
197 385 0
428 338 0
41 246 0
585 463 0
867 524 0
522 442 0
22 312 0
693 317 0
930 7 0
407 134 0
391 732 0
68 111 0
584 489 0
769 341 0
732 648 0
524 807 0
90 9 0
201 9 0
133 664 0
471 56 0
244 49 0
239 246 0
461 104 0
252 747 0
237 642 0
535 184 0
672 335 0
394 339 0
40 797 0
81 8 0
684 281 0
16 816 0
824 365 0
871 124 0
413 303 0
389 651 0
548 729 0
633 678 0
532 870 0
255 2 0
110 764 0
56 660 0
156 449 0
878 74 0
302 15 0
81 864 0
175 918 0
736 55 0
339 663 0
57 630 0
844 325 0
216 448 0
110 848 0
