1 1 1
2 2 1
3 3 1
4 4 1
5 5 1
6 6 1
7 7 1
8 8 1
9 9 1
10 10 1
11 11 1
12 12 1
13 13 1
14 14 1
15 15 1
16 16 1
17 17 1
18 18 1
19 19 1
20 20 1
21 21 1
22 22 1
23 23 1
24 24 1
25 25 1
26 26 1
27 27 1
28 28 1
29 29 1
30 30 1
31 31 1
32 32 1
33 33 1
34 34 1
35 35 1
36 36 1
37 37 1
38 38 1
39 39 1
40 40 1
41 41 1
42 42 1
43 43 1
44 44 1
45 45 1
46 46 1
47 47 1
48 48 1
49 49 1
50 50 1
51 51 1
52 52 1
53 53 1
54 54 1
55 55 1
56 56 1
57 57 1
58 58 1
59 59 1
60 60 1
61 61 1
62 62 1
63 63 1
64 64 1
65 65 1
66 66 1
67 67 1
68 68 1
69 69 1
70 70 1
71 71 1
72 72 1
73 73 1
74 74 1
75 75 1
76 76 1
77 77 1
78 78 1
79 79 1
80 80 1
81 81 1
82 82 1
83 83 1
84 84 1
85 85 1
86 86 1
87 87 1
88 88 1
89 89 1
90 90 1
91 91 1
92 92 1
93 93 1
94 94 1
95 95 1
96 96 1
97 97 1
98 98 1
99 99 1
100 100 1
101 101 1
102 102 1
103 103 1
104 104 1
105 105 1
106 106 1
107 107 1
108 108 1
109 109 1
110 110 1
111 111 1
112 112 1
113 113 1
114 114 1
115 115 1
116 116 1
117 117 1
118 118 1
119 119 1
120 120 1
121 121 1
122 122 1
123 123 1
124 124 1
125 125 1
126 126 1
127 127 1
128 128 1
129 129 1
130 130 1
131 131 1
132 132 1
133 133 1
134 134 1
135 135 1
136 136 1
137 137 1
138 138 1
139 139 1
140 140 1
141 141 1
142 142 1
143 143 1
144 144 1
145 145 1
146 146 1
147 147 1
148 148 1
149 149 1
150 150 1
151 151 1
152 152 1
153 153 1
154 154 1
155 155 1
156 156 1
157 157 1
158 158 1
159 159 1
160 160 1
161 161 1
162 162 1
163 163 1
164 164 1
165 165 1
166 166 1
167 167 1
168 168 1
169 169 1
170 170 1
171 171 1
172 172 1
173 173 1
174 174 1
175 175 1
176 176 1
177 177 1
178 178 1
179 179 1
180 180 1
181 181 1
182 182 1
183 183 1
184 184 1
185 185 1
186 186 1
187 187 1
188 188 1
189 189 1
190 190 1
191 191 1
192 192 1
193 193 1
194 194 1
195 195 1
196 196 1
197 197 1
198 198 1
199 199 1
200 200 1
201 201 1
202 202 1
203 203 1
204 204 1
205 205 1
206 206 1
207 207 1
208 208 1
209 209 1
210 210 1
211 211 1
212 212 1
213 213 1
214 214 1
215 215 1
216 216 1
217 217 1
218 218 1
219 219 1
220 220 1
221 221 1
222 222 1
223 223 1
224 224 1
225 225 1
226 226 1
227 227 1
228 228 1
229 229 1
230 230 1
231 231 1
232 232 1
233 233 1
234 234 1
235 235 1
236 236 1
237 237 1
238 238 1
239 239 1
240 240 1
241 241 1
242 242 1
243 243 1
244 244 1
245 245 1
246 246 1
247 247 1
248 248 1
249 249 1
250 250 1
251 251 1
252 252 1
253 253 1
254 254 1
255 255 1
256 256 1
257 257 1
258 258 1
259 259 1
260 260 1
261 261 1
262 262 1
263 263 1
264 264 1
265 265 1
266 266 1
267 267 1
268 268 1
269 269 1
270 270 1
271 271 1
272 272 1
273 273 1
274 274 1
275 275 1
276 276 1
277 277 1
278 278 1
279 279 1
280 280 1
281 281 1
282 282 1
283 283 1
284 284 1
285 285 1
286 286 1
287 287 1
288 288 1
289 289 1
290 290 1
291 291 1
292 292 1
293 293 1
294 294 1
295 295 1
296 296 1
297 297 1
298 298 1
299 299 1
300 300 1
301 301 1
302 302 1
303 303 1
304 304 1
305 305 1
306 306 1
307 307 1
308 308 1
309 309 1
310 310 1
311 311 1
312 312 1
313 313 1
314 314 1
315 315 1
316 316 1
317 317 1
318 318 1
319 319 1
320 320 1
321 321 1
322 322 1
323 323 1
324 324 1
325 325 1
326 326 1
327 327 1
328 328 1
329 329 1
330 330 1
331 331 1
332 332 1
333 333 1
334 334 1
335 335 1
336 336 1
337 337 1
338 338 1
339 339 1
340 340 1
341 341 1
342 342 1
343 343 1
344 344 1
345 345 1
346 346 1
347 347 1
348 348 1
349 349 1
350 350 1
351 351 1
352 352 1
353 353 1
354 354 1
355 355 1
356 356 1
357 357 1
358 358 1
359 359 1
360 360 1
361 361 1
362 362 1
363 363 1
364 364 1
365 365 1
366 366 1
367 367 1
368 368 1
369 369 1
370 370 1
371 371 1
372 372 1
373 373 1
374 374 1
375 375 1
376 376 1
377 377 1
378 378 1
379 379 1
380 380 1
381 381 1
382 382 1
383 383 1
384 384 1
385 385 1
386 386 1
387 387 1
388 388 1
389 389 1
390 390 1
391 391 1
392 392 1
393 393 1
394 394 1
395 395 1
396 396 1
397 397 1
398 398 1
399 399 1
400 400 1
401 401 1
402 402 1
403 403 1
404 404 1
405 405 1
406 406 1
407 407 1
408 408 1
409 409 1
410 410 1
411 411 1
412 412 1
413 413 1
414 414 1
415 415 1
416 416 1
417 417 1
418 418 1
419 419 1
420 420 1
421 421 1
422 422 1
423 423 1
424 424 1
425 425 1
426 426 1
427 427 1
428 428 1
429 429 1
430 430 1
431 431 1
432 432 1
433 433 1
434 434 1
435 435 1
436 436 1
437 437 1
438 438 1
439 439 1
440 440 1
441 441 1
442 442 1
443 443 1
444 444 1
445 445 1
446 446 1
447 447 1
448 448 1
449 449 1
450 450 1
451 451 1
452 452 1
453 453 1
454 454 1
455 455 1
456 456 1
457 457 1
458 458 1
459 459 1
460 460 1
461 461 1
462 462 1
463 463 1
464 464 1
465 465 1
466 466 1
467 467 1
468 468 1
469 469 1
470 470 1
471 471 1
472 472 1
473 473 1
474 474 1
475 475 1
476 476 1
477 477 1
478 478 1
479 479 1
480 480 1
481 481 1
482 482 1
483 483 1
484 484 1
485 485 1
486 486 1
487 487 1
488 488 1
489 489 1
490 490 1
491 491 1
492 492 1
493 493 1
494 494 1
495 495 1
496 496 1
497 497 1
498 498 1
499 499 1
500 500 1
501 501 1
502 502 1
503 503 1
504 504 1
505 505 1
506 506 1
507 507 1
508 508 1
509 509 1
510 510 1
511 511 1
512 512 1
513 513 1
514 514 1
515 515 1
516 516 1
517 517 1
518 518 1
519 519 1
520 520 1
521 521 1
522 522 1
523 523 1
524 524 1
525 525 1
526 526 1
527 527 1
528 528 1
529 529 1
530 530 1
531 531 1
532 532 1
533 533 1
534 534 1
535 535 1
536 536 1
537 537 1
538 538 1
539 539 1
540 540 1
541 541 1
542 542 1
543 543 1
544 544 1
545 545 1
546 546 1
547 547 1
548 548 1
549 549 1
550 550 1
551 551 1
552 552 1
553 553 1
554 554 1
555 555 1
556 556 1
557 557 1
558 558 1
559 559 1
560 560 1
561 561 1
562 562 1
563 563 1
564 564 1
565 565 1
566 566 1
567 567 1
568 568 1
569 569 1
570 570 1
571 571 1
572 572 1
573 573 1
574 574 1
575 575 1
576 576 1
577 577 1
578 578 1
579 579 1
580 580 1
581 581 1
582 582 1
583 583 1
584 584 1
585 585 1
586 586 1
587 587 1
588 588 1
589 589 1
590 590 1
591 591 1
592 592 1
593 593 1
594 594 1
595 595 1
596 596 1
597 597 1
598 598 1
599 599 1
600 600 1
601 601 1
602 602 1
603 603 1
604 604 1
605 605 1
606 606 1
607 607 1
608 608 1
609 609 1
610 610 1
611 611 1
612 612 1
613 613 1
614 614 1
615 615 1
616 616 1
617 617 1
618 618 1
619 619 1
620 620 1
621 621 1
622 622 1
623 623 1
624 624 1
625 625 1
626 626 1
627 627 1
628 628 1
629 629 1
630 630 1
631 631 1
632 632 1
633 633 1
634 634 1
635 635 1
636 636 1
637 637 1
638 638 1
639 639 1
640 640 1
641 641 1
642 642 1
643 643 1
644 644 1
645 645 1
646 646 1
647 647 1
648 648 1
649 649 1
650 650 1
651 651 1
652 652 1
653 653 1
654 654 1
655 655 1
656 656 1
657 657 1
658 658 1
659 659 1
660 660 1
661 661 1
662 662 1
663 663 1
664 664 1
665 665 1
666 666 1
667 667 1
668 668 1
669 669 1
670 670 1
671 671 1
672 672 1
673 673 1
674 674 1
675 675 1
676 676 1
677 677 1
678 678 1
679 679 1
680 680 1
681 681 1
682 682 1
683 683 1
684 684 1
685 685 1
686 686 1
687 687 1
688 688 1
689 689 1
690 690 1
691 691 1
692 692 1
693 693 1
694 694 1
695 695 1
696 696 1
697 697 1
698 698 1
699 699 1
700 700 1
701 701 1
702 702 1
703 703 1
704 704 1
705 705 1
706 706 1
707 707 1
708 708 1
709 709 1
710 710 1
711 711 1
712 712 1
713 713 1
714 714 1
715 715 1
716 716 1
717 717 1
718 718 1
719 719 1
720 720 1
721 721 1
722 722 1
723 723 1
724 724 1
725 725 1
726 726 1
727 727 1
728 728 1
729 729 1
730 730 1
731 731 1
732 732 1
733 733 1
734 734 1
735 735 1
736 736 1
737 737 1
738 738 1
739 739 1
740 740 1
741 741 1
742 742 1
743 743 1
744 744 1
745 745 1
746 746 1
747 747 1
748 748 1
749 749 1
750 750 1
751 751 1
752 752 1
753 753 1
754 754 1
755 755 1
756 756 1
757 757 1
758 758 1
759 759 1
760 760 1
761 761 1
762 762 1
763 763 1
764 764 1
765 765 1
766 766 1
767 767 1
768 768 1
769 769 1
770 770 1
771 771 1
772 772 1
773 773 1
774 774 1
775 775 1
776 776 1
777 777 1
778 778 1
779 779 1
780 780 1
781 781 1
782 782 1
783 783 1
784 784 1
785 785 1
786 786 1
787 787 1
788 788 1
789 789 1
790 790 1
791 791 1
792 792 1
793 793 1
794 794 1
795 795 1
796 796 1
797 797 1
798 798 1
799 799 1
800 800 1
801 801 1
802 802 1
803 803 1
804 804 1
805 805 1
806 806 1
807 807 1
808 808 1
809 809 1
810 810 1
811 811 1
812 812 1
813 813 1
814 814 1
815 815 1
816 816 1
817 817 1
818 818 1
819 819 1
820 820 1
821 821 1
822 822 1
823 823 1
824 824 1
825 825 1
826 826 1
827 827 1
828 828 1
829 829 1
830 830 1
831 831 1
832 832 1
833 833 1
834 834 1
835 835 1
836 836 1
837 837 1
838 838 1
839 839 1
840 840 1
841 841 1
842 842 1
843 843 1
844 844 1
845 845 1
846 846 1
847 847 1
848 848 1
849 849 1
850 850 1
851 851 1
852 852 1
853 853 1
854 854 1
855 855 1
856 856 1
857 857 1
858 858 1
859 859 1
860 860 1
861 861 1
862 862 1
863 863 1
864 864 1
865 865 1
866 866 1
867 867 1
868 868 1
869 869 1
870 870 1
871 871 1
872 872 1
873 873 1
874 874 1
875 875 1
876 876 1
877 877 1
878 878 1
879 879 1
880 880 1
881 881 1
882 882 1
883 883 1
884 884 1
885 885 1
886 886 1
887 887 1
888 888 1
889 889 1
890 890 1
891 891 1
892 892 1
893 893 1
894 894 1
895 895 1
896 896 1
897 897 1
898 898 1
899 899 1
900 900 1
901 901 1
902 902 1
903 903 1
904 904 1
905 905 1
906 906 1
907 907 1
908 908 1
909 909 1
910 910 1
911 911 1
1 2 0
2 3 0
3 4 0
4 5 0
5 6 0
6 7 0
7 8 0
8 9 0
9 10 0
10 11 0
11 12 0
12 13 0
13 14 0
14 15 0
15 16 0
16 17 0
17 18 0
18 19 0
19 20 0
20 21 0
21 22 0
22 23 0
23 24 0
24 25 0
25 26 0
26 27 0
27 28 0
28 29 0
29 30 0
30 31 0
31 32 0
32 33 0
33 34 0
34 35 0
35 36 0
36 37 0
37 38 0
38 39 0
39 40 0
40 41 0
41 42 0
42 43 0
43 44 0
44 45 0
45 46 0
46 47 0
47 48 0
48 49 0
49 50 0
50 51 0
51 52 0
52 53 0
53 54 0
54 55 0
55 56 0
56 57 0
57 58 0
58 59 0
59 60 0
60 61 0
61 62 0
62 63 0
63 64 0
64 65 0
65 66 0
66 67 0
67 68 0
68 69 0
69 70 0
70 71 0
71 72 0
72 73 0
73 74 0
74 75 0
75 76 0
76 77 0
77 78 0
78 79 0
79 80 0
80 81 0
81 82 0
82 83 0
83 84 0
84 85 0
85 86 0
86 87 0
87 88 0
88 89 0
89 90 0
90 91 0
91 92 0
92 93 0
93 94 0
94 95 0
95 96 0
96 97 0
97 98 0
98 99 0
99 100 0
100 101 0
101 102 0
102 103 0
103 104 0
104 105 0
105 106 0
106 107 0
107 108 0
108 109 0
109 110 0
110 111 0
111 112 0
112 113 0
113 114 0
114 115 0
115 116 0
116 117 0
117 118 0
118 119 0
119 120 0
120 121 0
121 122 0
122 123 0
123 124 0
124 125 0
125 126 0
126 127 0
127 128 0
128 129 0
129 130 0
130 131 0
131 132 0
132 133 0
133 134 0
134 135 0
135 136 0
136 137 0
137 138 0
138 139 0
139 140 0
140 141 0
141 142 0
142 143 0
143 144 0
144 145 0
145 146 0
146 147 0
147 148 0
148 149 0
149 150 0
150 151 0
151 152 0
152 153 0
153 154 0
154 155 0
155 156 0
156 157 0
157 158 0
158 159 0
159 160 0
160 161 0
161 162 0
162 163 0
163 164 0
164 165 0
165 166 0
166 167 0
167 168 0
168 169 0
169 170 0
170 171 0
171 172 0
172 173 0
173 174 0
174 175 0
175 176 0
176 177 0
177 178 0
178 179 0
179 180 0
180 181 0
181 182 0
182 183 0
183 184 0
184 185 0
185 186 0
186 187 0
187 188 0
188 189 0
189 190 0
190 191 0
191 192 0
192 193 0
193 194 0
194 195 0
195 196 0
196 197 0
197 198 0
198 199 0
199 200 0
200 201 0
201 202 0
202 203 0
203 204 0
204 205 0
205 206 0
206 207 0
207 208 0
208 209 0
209 210 0
210 211 0
211 212 0
212 213 0
213 214 0
214 215 0
215 216 0
216 217 0
217 218 0
218 219 0
219 220 0
220 221 0
221 222 0
222 223 0
223 224 0
224 225 0
225 226 0
226 227 0
227 228 0
228 229 0
229 230 0
230 231 0
231 232 0
232 233 0
233 234 0
234 235 0
235 236 0
236 237 0
237 238 0
238 239 0
239 240 0
240 241 0
241 242 0
242 243 0
243 244 0
244 245 0
245 246 0
246 247 0
247 248 0
248 249 0
249 250 0
250 251 0
251 252 0
252 253 0
253 254 0
254 255 0
255 256 0
256 257 0
257 258 0
258 259 0
259 260 0
260 261 0
261 262 0
262 263 0
263 264 0
264 265 0
265 266 0
266 267 0
267 268 0
268 269 0
269 270 0
270 271 0
271 272 0
272 273 0
273 274 0
274 275 0
275 276 0
276 277 0
277 278 0
278 279 0
279 280 0
280 281 0
281 282 0
282 283 0
283 284 0
284 285 0
285 286 0
286 287 0
287 288 0
288 289 0
289 290 0
290 291 0
291 292 0
292 293 0
293 294 0
294 295 0
295 296 0
296 297 0
297 298 0
298 299 0
299 300 0
300 301 0
301 302 0
302 303 0
303 304 0
304 305 0
305 306 0
306 307 0
307 308 0
308 309 0
309 310 0
310 311 0
311 312 0
312 313 0
313 314 0
314 315 0
315 316 0
316 317 0
317 318 0
318 319 0
319 320 0
320 321 0
321 322 0
322 323 0
323 324 0
324 325 0
325 326 0
326 327 0
327 328 0
328 329 0
329 330 0
330 331 0
331 332 0
332 333 0
333 334 0
334 335 0
335 336 0
336 337 0
337 338 0
338 339 0
339 340 0
340 341 0
341 342 0
342 343 0
343 344 0
344 345 0
345 346 0
346 347 0
347 348 0
348 349 0
349 350 0
350 351 0
351 352 0
352 353 0
353 354 0
354 355 0
355 356 0
356 357 0
357 358 0
358 359 0
359 360 0
360 361 0
361 362 0
362 363 0
363 364 0
364 365 0
365 366 0
366 367 0
367 368 0
368 369 0
369 370 0
370 371 0
371 372 0
372 373 0
373 374 0
374 375 0
375 376 0
376 377 0
377 378 0
378 379 0
379 380 0
380 381 0
381 382 0
382 383 0
383 384 0
384 385 0
385 386 0
386 387 0
387 388 0
388 389 0
389 390 0
390 391 0
391 392 0
392 393 0
393 394 0
394 395 0
395 396 0
396 397 0
397 398 0
398 399 0
399 400 0
400 401 0
401 402 0
402 403 0
403 404 0
404 405 0
405 406 0
406 407 0
407 408 0
408 409 0
409 410 0
410 411 0
411 412 0
412 413 0
413 414 0
414 415 0
415 416 0
416 417 0
417 418 0
418 419 0
419 420 0
420 421 0
421 422 0
422 423 0
423 424 0
424 425 0
425 426 0
426 427 0
427 428 0
428 429 0
429 430 0
430 431 0
431 432 0
432 433 0
433 434 0
434 435 0
435 436 0
436 437 0
437 438 0
438 439 0
439 440 0
440 441 0
441 442 0
442 443 0
443 444 0
444 445 0
445 446 0
446 447 0
447 448 0
448 449 0
449 450 0
450 451 0
451 452 0
452 453 0
453 454 0
454 455 0
455 456 0
456 457 0
457 458 0
458 459 0
459 460 0
460 461 0
461 462 0
462 463 0
463 464 0
464 465 0
465 466 0
466 467 0
467 468 0
468 469 0
469 470 0
470 471 0
471 472 0
472 473 0
473 474 0
474 475 0
475 476 0
476 477 0
477 478 0
478 479 0
479 480 0
480 481 0
481 482 0
482 483 0
483 484 0
484 485 0
485 486 0
486 487 0
487 488 0
488 489 0
489 490 0
490 491 0
491 492 0
492 493 0
493 494 0
494 495 0
495 496 0
496 497 0
497 498 0
498 499 0
499 500 0
500 501 0
501 502 0
502 503 0
503 504 0
504 505 0
505 506 0
506 507 0
507 508 0
508 509 0
509 510 0
510 511 0
511 512 0
512 513 0
513 514 0
514 515 0
515 516 0
516 517 0
517 518 0
518 519 0
519 520 0
520 521 0
521 522 0
522 523 0
523 524 0
524 525 0
525 526 0
526 527 0
527 528 0
528 529 0
529 530 0
530 531 0
531 532 0
532 533 0
533 534 0
534 535 0
535 536 0
536 537 0
537 538 0
538 539 0
539 540 0
540 541 0
541 542 0
542 543 0
543 544 0
544 545 0
545 546 0
546 547 0
547 548 0
548 549 0
549 550 0
550 551 0
551 552 0
552 553 0
553 554 0
554 555 0
555 556 0
556 557 0
557 558 0
558 559 0
559 560 0
560 561 0
561 562 0
562 563 0
563 564 0
564 565 0
565 566 0
566 567 0
567 568 0
568 569 0
569 570 0
570 571 0
571 572 0
572 573 0
573 574 0
574 575 0
575 576 0
576 577 0
577 578 0
578 579 0
579 580 0
580 581 0
581 582 0
582 583 0
583 584 0
584 585 0
585 586 0
586 587 0
587 588 0
588 589 0
589 590 0
590 591 0
591 592 0
592 593 0
593 594 0
594 595 0
595 596 0
596 597 0
597 598 0
598 599 0
599 600 0
600 601 0
601 602 0
602 603 0
603 604 0
604 605 0
605 606 0
606 607 0
607 608 0
608 609 0
609 610 0
610 611 0
611 612 0
612 613 0
613 614 0
614 615 0
615 616 0
616 617 0
617 618 0
618 619 0
619 620 0
620 621 0
621 622 0
622 623 0
623 624 0
624 625 0
625 626 0
626 627 0
627 628 0
628 629 0
629 630 0
630 631 0
631 632 0
632 633 0
633 634 0
634 635 0
635 636 0
636 637 0
637 638 0
638 639 0
639 640 0
640 641 0
641 642 0
642 643 0
643 644 0
644 645 0
645 646 0
646 647 0
647 648 0
648 649 0
649 650 0
650 651 0
651 652 0
652 653 0
653 654 0
654 655 0
655 656 0
656 657 0
657 658 0
658 659 0
659 660 0
660 661 0
661 662 0
662 663 0
663 664 0
664 665 0
665 666 0
666 667 0
667 668 0
668 669 0
669 670 0
670 671 0
671 672 0
672 673 0
673 674 0
674 675 0
675 676 0
676 677 0
677 678 0
678 679 0
679 680 0
680 681 0
681 682 0
682 683 0
683 684 0
684 685 0
685 686 0
686 687 0
687 688 0
688 689 0
689 690 0
690 691 0
691 692 0
692 693 0
693 694 0
694 695 0
695 696 0
696 697 0
697 698 0
698 699 0
699 700 0
700 701 0
701 702 0
702 703 0
703 704 0
704 705 0
705 706 0
706 707 0
707 708 0
708 709 0
709 710 0
710 711 0
711 712 0
712 713 0
713 714 0
714 715 0
715 716 0
716 717 0
717 718 0
718 719 0
719 720 0
720 721 0
721 722 0
722 723 0
723 724 0
724 725 0
725 726 0
726 727 0
727 728 0
728 729 0
729 730 0
730 731 0
731 732 0
732 733 0
733 734 0
734 735 0
735 736 0
736 737 0
737 738 0
738 739 0
739 740 0
740 741 0
741 742 0
742 743 0
743 744 0
744 745 0
745 746 0
746 747 0
747 748 0
748 749 0
749 750 0
750 751 0
751 752 0
752 753 0
753 754 0
754 755 0
755 756 0
756 757 0
757 758 0
758 759 0
759 760 0
760 761 0
761 762 0
762 763 0
763 764 0
764 765 0
765 766 0
766 767 0
767 768 0
768 769 0
769 770 0
770 771 0
771 772 0
772 773 0
773 774 0
774 775 0
775 776 0
776 777 0
777 778 0
778 779 0
779 780 0
780 781 0
781 782 0
782 783 0
783 784 0
784 785 0
785 786 0
786 787 0
787 788 0
788 789 0
789 790 0
790 791 0
791 792 0
792 793 0
793 794 0
794 795 0
795 796 0
796 797 0
797 798 0
798 799 0
799 800 0
800 801 0
801 802 0
802 803 0
803 804 0
804 805 0
805 806 0
806 807 0
807 808 0
808 809 0
809 810 0
810 811 0
811 812 0
812 813 0
813 814 0
814 815 0
815 816 0
816 817 0
817 818 0
818 819 0
819 820 0
820 821 0
821 822 0
822 823 0
823 824 0
824 825 0
825 826 0
826 827 0
827 828 0
828 829 0
829 830 0
830 831 0
831 832 0
832 833 0
833 834 0
834 835 0
835 836 0
836 837 0
837 838 0
838 839 0
839 840 0
840 841 0
841 842 0
842 843 0
843 844 0
844 845 0
845 846 0
846 847 0
847 848 0
848 849 0
849 850 0
850 851 0
851 852 0
852 853 0
853 854 0
854 855 0
855 856 0
856 857 0
857 858 0
858 859 0
859 860 0
860 861 0
861 862 0
862 863 0
863 864 0
864 865 0
865 866 0
866 867 0
867 868 0
868 869 0
869 870 0
870 871 0
871 872 0
872 873 0
873 874 0
874 875 0
875 876 0
876 877 0
877 878 0
878 879 0
879 880 0
880 881 0
881 882 0
882 883 0
883 884 0
884 885 0
885 886 0
886 887 0
887 888 0
888 889 0
889 890 0
890 891 0
891 892 0
892 893 0
893 894 0
894 895 0
895 896 0
896 897 0
897 898 0
898 899 0
899 900 0
900 901 0
901 902 0
902 903 0
903 904 0
904 905 0
905 906 0
906 907 0
907 908 0
908 909 0
909 910 0
910 911 0
135 606 0
443 88 0
595 212 0
433 530 0
227 229 0
314 853 0
702 530 0
661 808 0
580 857 0
106 581 0
37 497 0
445 149 0
687 813 0
591 1 0
462 13 0
144 850 0
619 840 0
280 556 0
140 713 0
428 366 0
284 741 0
561 74 0
613 565 0
225 281 0
764 330 0
205 800 0
170 649 0
38 856 0
804 882 0
856 608 0
894 88 0
547 601 0
271 169 0
499 410 0
224 15 0
119 762 0
98 679 0
835 711 0
586 402 0
334 439 0
75 792 0
327 244 0
529 618 0
442 422 0
588 386 0
118 571 0
727 7 0
514 86 0
430 102 0
750 653 0
370 211 0
503 468 0
232 681 0
521 818 0
425 197 0
345 753 0
78 14 0
339 860 0
632 780 0
624 308 0
508 85 0
221 324 0
91 735 0
663 774 0
179 755 0
770 802 0
54 615 0
612 286 0
638 221 0
446 152 0
672 790 0
247 749 0
146 586 0
697 777 0
454 410 0
428 51 0
748 902 0
628 181 0
68 633 0
44 246 0
477 813 0
391 784 0
516 91 0
158 497 0
312 857 0
648 326 0
78 894 0
163 224 0
822 202 0
89 365 0
865 770 0
669 701 0
761 639 0
882 828 0
360 14 0
417 836 0
169 807 0
52 27 0
897 209 0
523 551 0
155 513 0
876 232 0
750 381 0
709 660 0
583 141 0
367 790 0
910 378 0
580 102 0
105 804 0
273 465 0
160 689 0
643 328 0
838 694 0
608 166 0
246 474 0
717 654 0
329 24 0
228 421 0
659 26 0
170 584 0
166 790 0
462 418 0
257 384 0
520 615 0
276 792 0
168 435 0
823 154 0
105 749 0
847 56 0
3 435 0
529 62 0
177 200 0
340 659 0
621 87 0
684 133 0
13 192 0
11 474 0
609 521 0
858 471 0
225 476 0
351 646 0
911 516 0
799 358 0
353 735 0
413 610 0
512 284 0
14 689 0
484 353 0
436 447 0
693 462 0
579 705 0
653 589 0
522 604 0
453 722 0
164 677 0
286 768 0
411 539 0
627 299 0
897 322 0
376 652 0
20 887 0
279 288 0
7 105 0
894 696 0
551 676 0
246 218 0
723 241 0
149 587 0
188 601 0
397 605 0
620 26 0
715 120 0
564 430 0
672 803 0
752 136 0
544 114 0
365 822 0
401 626 0
15 384 0
410 819 0
402 910 0
125 467 0
493 527 0
143 680 0
217 793 0
373 179 0
818 431 0
298 471 0
860 312 0
362 700 0
701 248 0
814 155 0
412 557 0
780 680 0
283 532 0
587 684 0
530 54 0
494 366 0
581 636 0
134 140 0
771 761 0
318 678 0
280 870 0
491 228 0
270 195 0
271 60 0
443 427 0
468 854 0
326 590 0
623 609 0
210 552 0
381 83 0
606 874 0
448 275 0
852 835 0
668 712 0
684 74 0
732 306 0
286 311 0
788 556 0
505 147 0
869 290 0
827 425 0
487 241 0
103 452 0
849 566 0
92 573 0
