1 1 1
2 2 1
3 3 1
4 4 1
5 5 1
6 6 1
7 7 1
8 8 1
9 9 1
10 10 1
11 11 1
12 12 1
13 13 1
14 14 1
15 15 1
16 16 1
17 17 1
18 18 1
19 19 1
20 20 1
21 21 1
22 22 1
23 23 1
24 24 1
25 25 1
26 26 1
27 27 1
28 28 1
29 29 1
30 30 1
31 31 1
32 32 1
33 33 1
34 34 1
35 35 1
36 36 1
37 37 1
38 38 1
39 39 1
40 40 1
41 41 1
42 42 1
43 43 1
44 44 1
45 45 1
46 46 1
47 47 1
48 48 1
49 49 1
50 50 1
51 51 1
52 52 1
53 53 1
54 54 1
55 55 1
56 56 1
57 57 1
58 58 1
59 59 1
60 60 1
61 61 1
62 62 1
63 63 1
64 64 1
65 65 1
66 66 1
67 67 1
68 68 1
69 69 1
70 70 1
71 71 1
72 72 1
73 73 1
74 74 1
75 75 1
76 76 1
77 77 1
78 78 1
79 79 1
80 80 1
81 81 1
82 82 1
83 83 1
84 84 1
85 85 1
86 86 1
87 87 1
88 88 1
89 89 1
90 90 1
91 91 1
92 92 1
93 93 1
94 94 1
95 95 1
96 96 1
97 97 1
98 98 1
99 99 1
100 100 1
101 101 1
102 102 1
103 103 1
104 104 1
105 105 1
106 106 1
107 107 1
108 108 1
109 109 1
110 110 1
111 111 1
112 112 1
113 113 1
114 114 1
115 115 1
116 116 1
117 117 1
118 118 1
119 119 1
120 120 1
121 121 1
122 122 1
123 123 1
124 124 1
125 125 1
126 126 1
127 127 1
128 128 1
129 129 1
130 130 1
131 131 1
132 132 1
133 133 1
134 134 1
135 135 1
136 136 1
137 137 1
138 138 1
139 139 1
140 140 1
141 141 1
142 142 1
143 143 1
144 144 1
145 145 1
146 146 1
147 147 1
148 148 1
149 149 1
150 150 1
151 151 1
152 152 1
153 153 1
154 154 1
155 155 1
156 156 1
157 157 1
158 158 1
159 159 1
160 160 1
161 161 1
162 162 1
163 163 1
164 164 1
165 165 1
166 166 1
167 167 1
168 168 1
169 169 1
170 170 1
171 171 1
172 172 1
173 173 1
174 174 1
175 175 1
176 176 1
177 177 1
178 178 1
179 179 1
180 180 1
181 181 1
182 182 1
183 183 1
184 184 1
185 185 1
186 186 1
187 187 1
188 188 1
189 189 1
190 190 1
191 191 1
192 192 1
193 193 1
194 194 1
195 195 1
196 196 1
197 197 1
198 198 1
199 199 1
200 200 1
201 201 1
202 202 1
203 203 1
204 204 1
205 205 1
206 206 1
207 207 1
208 208 1
209 209 1
210 210 1
211 211 1
212 212 1
213 213 1
214 214 1
215 215 1
216 216 1
217 217 1
218 218 1
219 219 1
220 220 1
221 221 1
222 222 1
223 223 1
224 224 1
225 225 1
226 226 1
227 227 1
228 228 1
229 229 1
230 230 1
231 231 1
232 232 1
233 233 1
234 234 1
235 235 1
236 236 1
237 237 1
238 238 1
239 239 1
240 240 1
241 241 1
242 242 1
243 243 1
244 244 1
245 245 1
246 246 1
247 247 1
248 248 1
249 249 1
250 250 1
251 251 1
252 252 1
253 253 1
254 254 1
255 255 1
256 256 1
257 257 1
258 258 1
259 259 1
260 260 1
261 261 1
262 262 1
263 263 1
264 264 1
265 265 1
266 266 1
267 267 1
268 268 1
269 269 1
270 270 1
271 271 1
272 272 1
273 273 1
274 274 1
275 275 1
276 276 1
277 277 1
278 278 1
279 279 1
280 280 1
281 281 1
282 282 1
283 283 1
284 284 1
285 285 1
286 286 1
287 287 1
288 288 1
289 289 1
290 290 1
291 291 1
292 292 1
293 293 1
294 294 1
295 295 1
296 296 1
297 297 1
298 298 1
299 299 1
300 300 1
301 301 1
302 302 1
303 303 1
304 304 1
305 305 1
306 306 1
307 307 1
308 308 1
309 309 1
310 310 1
311 311 1
312 312 1
313 313 1
314 314 1
315 315 1
316 316 1
317 317 1
318 318 1
319 319 1
320 320 1
321 321 1
322 322 1
323 323 1
324 324 1
325 325 1
326 326 1
327 327 1
328 328 1
329 329 1
330 330 1
331 331 1
332 332 1
333 333 1
334 334 1
335 335 1
336 336 1
337 337 1
338 338 1
339 339 1
340 340 1
341 341 1
342 342 1
343 343 1
344 344 1
345 345 1
346 346 1
347 347 1
348 348 1
349 349 1
350 350 1
351 351 1
352 352 1
353 353 1
354 354 1
355 355 1
356 356 1
357 357 1
358 358 1
359 359 1
360 360 1
361 361 1
362 362 1
363 363 1
364 364 1
365 365 1
366 366 1
367 367 1
368 368 1
369 369 1
370 370 1
371 371 1
372 372 1
373 373 1
374 374 1
375 375 1
376 376 1
377 377 1
378 378 1
379 379 1
380 380 1
381 381 1
382 382 1
383 383 1
384 384 1
385 385 1
386 386 1
387 387 1
388 388 1
389 389 1
390 390 1
391 391 1
392 392 1
393 393 1
394 394 1
395 395 1
396 396 1
397 397 1
398 398 1
399 399 1
400 400 1
401 401 1
402 402 1
403 403 1
404 404 1
405 405 1
406 406 1
407 407 1
408 408 1
409 409 1
410 410 1
411 411 1
412 412 1
413 413 1
414 414 1
415 415 1
416 416 1
417 417 1
418 418 1
419 419 1
420 420 1
421 421 1
422 422 1
423 423 1
424 424 1
425 425 1
426 426 1
427 427 1
428 428 1
429 429 1
430 430 1
431 431 1
432 432 1
433 433 1
434 434 1
435 435 1
436 436 1
437 437 1
438 438 1
439 439 1
440 440 1
441 441 1
442 442 1
443 443 1
444 444 1
445 445 1
446 446 1
447 447 1
448 448 1
449 449 1
450 450 1
451 451 1
452 452 1
453 453 1
454 454 1
455 455 1
456 456 1
457 457 1
458 458 1
459 459 1
460 460 1
461 461 1
462 462 1
463 463 1
464 464 1
465 465 1
466 466 1
467 467 1
468 468 1
469 469 1
470 470 1
471 471 1
472 472 1
473 473 1
474 474 1
475 475 1
476 476 1
477 477 1
478 478 1
479 479 1
480 480 1
481 481 1
482 482 1
483 483 1
484 484 1
485 485 1
486 486 1
487 487 1
488 488 1
489 489 1
490 490 1
491 491 1
492 492 1
493 493 1
494 494 1
495 495 1
496 496 1
497 497 1
498 498 1
499 499 1
500 500 1
501 501 1
502 502 1
503 503 1
504 504 1
505 505 1
506 506 1
507 507 1
508 508 1
509 509 1
510 510 1
511 511 1
512 512 1
513 513 1
514 514 1
515 515 1
516 516 1
517 517 1
518 518 1
519 519 1
520 520 1
521 521 1
522 522 1
523 523 1
524 524 1
525 525 1
526 526 1
527 527 1
528 528 1
529 529 1
530 530 1
531 531 1
532 532 1
533 533 1
534 534 1
535 535 1
536 536 1
537 537 1
538 538 1
539 539 1
540 540 1
541 541 1
542 542 1
543 543 1
544 544 1
545 545 1
546 546 1
547 547 1
548 548 1
549 549 1
550 550 1
551 551 1
552 552 1
553 553 1
554 554 1
555 555 1
556 556 1
557 557 1
558 558 1
559 559 1
560 560 1
561 561 1
562 562 1
563 563 1
564 564 1
565 565 1
566 566 1
567 567 1
568 568 1
569 569 1
570 570 1
571 571 1
572 572 1
573 573 1
574 574 1
575 575 1
576 576 1
577 577 1
578 578 1
579 579 1
580 580 1
581 581 1
582 582 1
583 583 1
584 584 1
585 585 1
586 586 1
587 587 1
588 588 1
589 589 1
590 590 1
591 591 1
592 592 1
593 593 1
594 594 1
595 595 1
596 596 1
597 597 1
598 598 1
599 599 1
600 600 1
601 601 1
602 602 1
603 603 1
604 604 1
605 605 1
606 606 1
607 607 1
608 608 1
609 609 1
610 610 1
611 611 1
612 612 1
613 613 1
614 614 1
615 615 1
616 616 1
617 617 1
618 618 1
619 619 1
620 620 1
621 621 1
622 622 1
623 623 1
624 624 1
625 625 1
626 626 1
627 627 1
628 628 1
629 629 1
630 630 1
631 631 1
632 632 1
633 633 1
634 634 1
635 635 1
636 636 1
637 637 1
638 638 1
639 639 1
640 640 1
641 641 1
642 642 1
643 643 1
644 644 1
645 645 1
646 646 1
647 647 1
648 648 1
649 649 1
650 650 1
651 651 1
652 652 1
653 653 1
654 654 1
655 655 1
656 656 1
657 657 1
658 658 1
659 659 1
660 660 1
661 661 1
662 662 1
663 663 1
664 664 1
665 665 1
666 666 1
667 667 1
668 668 1
669 669 1
670 670 1
671 671 1
672 672 1
673 673 1
674 674 1
675 675 1
676 676 1
677 677 1
678 678 1
679 679 1
680 680 1
681 681 1
682 682 1
683 683 1
684 684 1
685 685 1
686 686 1
687 687 1
688 688 1
689 689 1
690 690 1
691 691 1
692 692 1
693 693 1
694 694 1
695 695 1
696 696 1
697 697 1
698 698 1
699 699 1
700 700 1
701 701 1
702 702 1
703 703 1
704 704 1
705 705 1
706 706 1
707 707 1
708 708 1
709 709 1
710 710 1
711 711 1
712 712 1
713 713 1
714 714 1
715 715 1
716 716 1
717 717 1
718 718 1
719 719 1
720 720 1
721 721 1
722 722 1
723 723 1
724 724 1
725 725 1
726 726 1
727 727 1
728 728 1
729 729 1
730 730 1
731 731 1
732 732 1
733 733 1
734 734 1
735 735 1
736 736 1
737 737 1
738 738 1
739 739 1
740 740 1
741 741 1
742 742 1
743 743 1
744 744 1
745 745 1
746 746 1
747 747 1
748 748 1
749 749 1
750 750 1
751 751 1
752 752 1
753 753 1
754 754 1
755 755 1
756 756 1
757 757 1
758 758 1
759 759 1
760 760 1
761 761 1
762 762 1
763 763 1
764 764 1
765 765 1
766 766 1
767 767 1
768 768 1
769 769 1
770 770 1
771 771 1
772 772 1
773 773 1
774 774 1
775 775 1
776 776 1
777 777 1
778 778 1
779 779 1
780 780 1
781 781 1
782 782 1
783 783 1
784 784 1
785 785 1
786 786 1
787 787 1
788 788 1
789 789 1
790 790 1
791 791 1
792 792 1
793 793 1
794 794 1
795 795 1
796 796 1
797 797 1
798 798 1
799 799 1
800 800 1
801 801 1
802 802 1
803 803 1
804 804 1
805 805 1
806 806 1
807 807 1
808 808 1
809 809 1
810 810 1
811 811 1
812 812 1
813 813 1
814 814 1
815 815 1
816 816 1
817 817 1
818 818 1
819 819 1
820 820 1
821 821 1
822 822 1
823 823 1
824 824 1
825 825 1
826 826 1
827 827 1
828 828 1
829 829 1
830 830 1
831 831 1
832 832 1
833 833 1
834 834 1
835 835 1
836 836 1
837 837 1
838 838 1
839 839 1
840 840 1
841 841 1
842 842 1
843 843 1
844 844 1
845 845 1
846 846 1
847 847 1
848 848 1
849 849 1
850 850 1
851 851 1
852 852 1
853 853 1
854 854 1
855 855 1
856 856 1
857 857 1
858 858 1
859 859 1
860 860 1
861 861 1
862 862 1
863 863 1
864 864 1
865 865 1
866 866 1
867 867 1
868 868 1
869 869 1
870 870 1
871 871 1
872 872 1
873 873 1
874 874 1
875 875 1
876 876 1
877 877 1
878 878 1
879 879 1
880 880 1
881 881 1
882 882 1
883 883 1
884 884 1
885 885 1
886 886 1
887 887 1
888 888 1
889 889 1
890 890 1
891 891 1
892 892 1
893 893 1
894 894 1
895 895 1
896 896 1
897 897 1
898 898 1
899 899 1
900 900 1
901 901 1
902 902 1
903 903 1
904 904 1
905 905 1
906 906 1
907 907 1
908 908 1
909 909 1
910 910 1
911 911 1
912 912 1
913 913 1
914 914 1
915 915 1
916 916 1
917 917 1
918 918 1
919 919 1
920 920 1
921 921 1
922 922 1
923 923 1
924 924 1
925 925 1
926 926 1
927 927 1
928 928 1
929 929 1
930 930 1
931 931 1
932 932 1
933 933 1
934 934 1
935 935 1
936 936 1
937 937 1
938 938 1
939 939 1
940 940 1
941 941 1
942 942 1
943 943 1
944 944 1
945 945 1
946 946 1
947 947 1
948 948 1
949 949 1
950 950 1
951 951 1
952 952 1
953 953 1
954 954 1
955 955 1
956 956 1
957 957 1
958 958 1
959 959 1
960 960 1
961 961 1
962 962 1
963 963 1
964 964 1
965 965 1
966 966 1
967 967 1
968 968 1
969 969 1
970 970 1
971 971 1
972 972 1
973 973 1
974 974 1
975 975 1
976 976 1
977 977 1
978 978 1
979 979 1
980 980 1
981 981 1
982 982 1
983 983 1
984 984 1
985 985 1
986 986 1
987 987 1
988 988 1
989 989 1
990 990 1
991 991 1
992 992 1
993 993 1
994 994 1
995 995 1
996 996 1
997 997 1
998 998 1
999 999 1
1000 1000 1
1001 1001 1
1002 1002 1
1003 1003 1
1004 1004 1
1005 1005 1
1006 1006 1
1007 1007 1
1008 1008 1
1009 1009 1
1010 1010 1
1011 1011 1
1012 1012 1
1013 1013 1
1014 1014 1
1015 1015 1
1016 1016 1
1017 1017 1
1018 1018 1
1019 1019 1
1020 1020 1
1021 1021 1
1022 1022 1
1023 1023 1
1024 1024 1
1025 1025 1
1026 1026 1
1027 1027 1
1028 1028 1
1029 1029 1
1030 1030 1
1031 1031 1
1032 1032 1
1033 1033 1
1034 1034 1
1035 1035 1
1036 1036 1
1037 1037 1
1038 1038 1
1039 1039 1
1040 1040 1
1041 1041 1
1042 1042 1
1043 1043 1
1044 1044 1
1045 1045 1
1046 1046 1
1047 1047 1
1048 1048 1
1049 1049 1
1050 1050 1
1051 1051 1
1052 1052 1
1053 1053 1
1054 1054 1
1055 1055 1
1056 1056 1
1057 1057 1
1058 1058 1
1059 1059 1
1060 1060 1
1061 1061 1
1062 1062 1
1063 1063 1
1064 1064 1
1065 1065 1
1066 1066 1
1067 1067 1
1068 1068 1
1069 1069 1
1070 1070 1
1071 1071 1
1072 1072 1
1073 1073 1
1074 1074 1
1075 1075 1
1076 1076 1
1077 1077 1
1078 1078 1
1079 1079 1
1080 1080 1
1081 1081 1
1082 1082 1
1083 1083 1
1084 1084 1
1085 1085 1
1086 1086 1
1087 1087 1
1088 1088 1
1089 1089 1
1090 1090 1
1091 1091 1
1092 1092 1
1093 1093 1
1094 1094 1
1095 1095 1
1096 1096 1
1097 1097 1
1098 1098 1
1099 1099 1
1100 1100 1
1101 1101 1
1102 1102 1
1103 1103 1
1104 1104 1
1105 1105 1
1106 1106 1
1107 1107 1
1108 1108 1
1109 1109 1
1110 1110 1
1111 1111 1
1112 1112 1
1113 1113 1
1114 1114 1
1115 1115 1
1116 1116 1
1117 1117 1
1118 1118 1
1119 1119 1
1120 1120 1
1121 1121 1
1122 1122 1
1123 1123 1
1124 1124 1
1125 1125 1
1126 1126 1
1127 1127 1
1128 1128 1
1129 1129 1
1130 1130 1
1131 1131 1
1132 1132 1
1133 1133 1
1134 1134 1
1135 1135 1
1136 1136 1
1137 1137 1
1138 1138 1
1139 1139 1
1140 1140 1
1141 1141 1
1142 1142 1
1143 1143 1
1144 1144 1
1145 1145 1
1146 1146 1
1147 1147 1
1148 1148 1
1149 1149 1
1150 1150 1
1151 1151 1
1152 1152 1
1153 1153 1
1154 1154 1
1155 1155 1
1156 1156 1
1157 1157 1
1158 1158 1
1159 1159 1
1160 1160 1
1161 1161 1
1162 1162 1
1163 1163 1
1164 1164 1
1165 1165 1
1166 1166 1
1167 1167 1
1168 1168 1
1169 1169 1
1170 1170 1
1171 1171 1
1172 1172 1
1173 1173 1
1174 1174 1
1175 1175 1
1176 1176 1
1177 1177 1
1178 1178 1
1179 1179 1
1180 1180 1
1181 1181 1
1182 1182 1
1183 1183 1
1184 1184 1
1185 1185 1
1186 1186 1
1187 1187 1
1188 1188 1
1189 1189 1
1190 1190 1
1191 1191 1
1192 1192 1
1193 1193 1
1194 1194 1
1195 1195 1
1196 1196 1
1197 1197 1
1198 1198 1
1199 1199 1
1200 1200 1
1201 1201 1
1202 1202 1
1203 1203 1
1204 1204 1
1205 1205 1
1206 1206 1
1207 1207 1
1208 1208 1
1209 1209 1
1210 1210 1
1211 1211 1
1212 1212 1
1213 1213 1
1214 1214 1
1215 1215 1
1216 1216 1
1217 1217 1
1218 1218 1
1219 1219 1
1220 1220 1
1221 1221 1
1222 1222 1
1223 1223 1
1224 1224 1
1225 1225 1
1226 1226 1
1227 1227 1
1228 1228 1
1229 1229 1
1230 1230 1
1231 1231 1
1232 1232 1
1233 1233 1
1234 1234 1
1235 1235 1
1236 1236 1
1237 1237 1
1238 1238 1
1239 1239 1
1240 1240 1
1241 1241 1
1242 1242 1
1243 1243 1
1244 1244 1
1245 1245 1
1246 1246 1
1247 1247 1
1248 1248 1
1249 1249 1
1250 1250 1
1251 1251 1
1252 1252 1
1253 1253 1
1254 1254 1
1255 1255 1
1256 1256 1
1257 1257 1
1258 1258 1
1259 1259 1
1260 1260 1
1261 1261 1
1262 1262 1
1263 1263 1
1264 1264 1
1265 1265 1
1266 1266 1
1267 1267 1
1268 1268 1
1269 1269 1
1270 1270 1
1271 1271 1
1272 1272 1
1273 1273 1
1274 1274 1
1275 1275 1
1276 1276 1
1277 1277 1
1278 1278 1
1279 1279 1
1280 1280 1
1281 1281 1
1282 1282 1
1283 1283 1
1284 1284 1
1285 1285 1
1286 1286 1
1287 1287 1
1288 1288 1
1289 1289 1
1290 1290 1
1291 1291 1
1292 1292 1
1293 1293 1
1294 1294 1
1295 1295 1
1296 1296 1
1297 1297 1
1298 1298 1
1299 1299 1
1300 1300 1
1301 1301 1
1302 1302 1
1303 1303 1
1304 1304 1
1305 1305 1
1306 1306 1
1307 1307 1
1308 1308 1
1309 1309 1
1310 1310 1
1311 1311 1
1312 1312 1
1313 1313 1
1314 1314 1
1315 1315 1
1316 1316 1
1317 1317 1
1318 1318 1
1319 1319 1
1320 1320 1
1321 1321 1
1322 1322 1
1323 1323 1
1324 1324 1
1325 1325 1
1326 1326 1
1327 1327 1
1328 1328 1
1329 1329 1
1330 1330 1
1331 1331 1
1332 1332 1
1333 1333 1
1334 1334 1
1335 1335 1
1336 1336 1
1337 1337 1
1338 1338 1
1339 1339 1
1340 1340 1
1341 1341 1
1342 1342 1
1343 1343 1
1344 1344 1
1345 1345 1
1346 1346 1
1347 1347 1
1348 1348 1
1349 1349 1
1350 1350 1
1351 1351 1
1352 1352 1
1353 1353 1
1354 1354 1
1355 1355 1
1356 1356 1
1357 1357 1
1358 1358 1
1359 1359 1
1360 1360 1
1361 1361 1
1362 1362 1
1363 1363 1
1364 1364 1
1365 1365 1
1366 1366 1
1367 1367 1
1368 1368 1
1369 1369 1
1370 1370 1
1371 1371 1
1372 1372 1
1373 1373 1
1374 1374 1
1375 1375 1
1376 1376 1
1377 1377 1
1378 1378 1
1379 1379 1
1380 1380 1
1381 1381 1
1382 1382 1
1383 1383 1
1384 1384 1
1385 1385 1
1386 1386 1
1387 1387 1
1388 1388 1
1389 1389 1
1390 1390 1
1391 1391 1
1392 1392 1
1393 1393 1
1394 1394 1
1395 1395 1
1396 1396 1
1397 1397 1
1398 1398 1
1399 1399 1
1400 1400 1
1401 1401 1
1402 1402 1
1403 1403 1
1404 1404 1
1405 1405 1
1406 1406 1
1407 1407 1
1408 1408 1
1409 1409 1
1410 1410 1
1411 1411 1
1412 1412 1
1413 1413 1
1414 1414 1
1415 1415 1
1416 1416 1
1417 1417 1
1418 1418 1
1419 1419 1
1420 1420 1
1421 1421 1
1422 1422 1
1423 1423 1
1424 1424 1
1425 1425 1
1426 1426 1
1427 1427 1
1428 1428 1
1429 1429 1
1430 1430 1
1431 1431 1
1432 1432 1
1433 1433 1
1434 1434 1
1435 1435 1
1436 1436 1
1437 1437 1
1438 1438 1
1439 1439 1
1440 1440 1
1441 1441 1
1442 1442 1
1443 1443 1
1444 1444 1
1445 1445 1
1446 1446 1
1447 1447 1
1448 1448 1
1449 1449 1
1450 1450 1
1451 1451 1
1452 1452 1
1453 1453 1
1454 1454 1
1455 1455 1
1456 1456 1
1457 1457 1
1458 1458 1
1459 1459 1
1460 1460 1
1461 1461 1
1462 1462 1
1463 1463 1
1464 1464 1
1465 1465 1
1466 1466 1
1467 1467 1
1468 1468 1
1469 1469 1
1470 1470 1
1471 1471 1
1472 1472 1
1473 1473 1
1474 1474 1
1475 1475 1
1476 1476 1
1477 1477 1
1478 1478 1
1479 1479 1
1480 1480 1
1481 1481 1
1482 1482 1
1483 1483 1
1484 1484 1
1485 1485 1
1486 1486 1
1487 1487 1
1488 1488 1
1489 1489 1
1490 1490 1
1491 1491 1
1492 1492 1
1493 1493 1
1494 1494 1
1495 1495 1
1496 1496 1
1497 1497 1
1498 1498 1
1499 1499 1
1500 1500 1
1501 1501 1
1502 1502 1
1503 1503 1
1504 1504 1
1505 1505 1
1506 1506 1
1507 1507 1
1508 1508 1
1509 1509 1
1510 1510 1
1511 1511 1
1512 1512 1
1513 1513 1
1514 1514 1
1515 1515 1
1516 1516 1
1517 1517 1
1518 1518 1
1519 1519 1
1520 1520 1
1521 1521 1
1522 1522 1
1523 1523 1
1524 1524 1
1525 1525 1
1526 1526 1
1527 1527 1
1528 1528 1
1529 1529 1
1530 1530 1
1531 1531 1
1532 1532 1
1533 1533 1
1534 1534 1
1535 1535 1
1536 1536 1
1537 1537 1
1538 1538 1
1539 1539 1
1540 1540 1
1541 1541 1
1542 1542 1
1543 1543 1
1544 1544 1
1545 1545 1
1546 1546 1
1547 1547 1
1548 1548 1
1549 1549 1
1550 1550 1
1551 1551 1
1552 1552 1
1553 1553 1
1554 1554 1
1555 1555 1
1556 1556 1
1557 1557 1
1558 1558 1
1559 1559 1
1560 1560 1
1561 1561 1
1562 1562 1
1563 1563 1
1564 1564 1
1565 1565 1
1566 1566 1
1567 1567 1
1568 1568 1
1569 1569 1
1570 1570 1
1571 1571 1
1572 1572 1
1573 1573 1
1574 1574 1
1575 1575 1
1576 1576 1
1577 1577 1
1578 1578 1
1579 1579 1
1580 1580 1
1581 1581 1
1582 1582 1
1583 1583 1
1584 1584 1
1585 1585 1
1586 1586 1
1587 1587 1
1588 1588 1
1589 1589 1
1590 1590 1
1591 1591 1
1592 1592 1
1593 1593 1
1594 1594 1
1595 1595 1
1596 1596 1
1597 1597 1
1598 1598 1
1599 1599 1
1600 1600 1
1601 1601 1
1602 1602 1
1603 1603 1
1604 1604 1
1605 1605 1
1606 1606 1
1607 1607 1
1608 1608 1
1609 1609 1
1610 1610 1
1611 1611 1
1612 1612 1
1613 1613 1
1614 1614 1
1615 1615 1
1616 1616 1
1617 1617 1
1618 1618 1
1619 1619 1
1620 1620 1
1621 1621 1
1622 1622 1
1623 1623 1
1624 1624 1
1625 1625 1
1626 1626 1
1627 1627 1
1628 1628 1
1629 1629 1
1630 1630 1
1631 1631 1
1632 1632 1
1633 1633 1
1634 1634 1
1635 1635 1
1636 1636 1
1637 1637 1
1638 1638 1
1639 1639 1
1640 1640 1
1641 1641 1
1642 1642 1
1643 1643 1
1644 1644 1
1645 1645 1
1646 1646 1
1647 1647 1
1648 1648 1
1649 1649 1
1650 1650 1
1651 1651 1
1652 1652 1
1653 1653 1
1654 1654 1
1655 1655 1
1656 1656 1
1657 1657 1
1658 1658 1
1659 1659 1
1660 1660 1
1661 1661 1
1662 1662 1
1663 1663 1
1664 1664 1
1665 1665 1
1666 1666 1
1667 1667 1
1668 1668 1
1669 1669 1
1670 1670 1
1671 1671 1
1672 1672 1
1673 1673 1
1674 1674 1
1675 1675 1
1676 1676 1
1677 1677 1
1678 1678 1
1679 1679 1
1680 1680 1
1681 1681 1
1682 1682 1
1683 1683 1
1684 1684 1
1685 1685 1
1686 1686 1
1687 1687 1
1688 1688 1
1689 1689 1
1690 1690 1
1691 1691 1
1692 1692 1
1693 1693 1
1694 1694 1
1695 1695 1
1696 1696 1
1697 1697 1
1698 1698 1
1699 1699 1
1700 1700 1
1701 1701 1
1702 1702 1
1703 1703 1
1704 1704 1
1705 1705 1
1706 1706 1
1707 1707 1
1708 1708 1
1709 1709 1
1710 1710 1
1711 1711 1
1712 1712 1
1713 1713 1
1714 1714 1
1715 1715 1
1716 1716 1
1717 1717 1
1718 1718 1
1719 1719 1
1720 1720 1
1721 1721 1
1722 1722 1
1723 1723 1
1724 1724 1
1725 1725 1
1726 1726 1
1727 1727 1
1728 1728 1
1729 1729 1
1730 1730 1
1731 1731 1
1732 1732 1
1733 1733 1
1734 1734 1
1735 1735 1
1736 1736 1
1737 1737 1
1738 1738 1
1739 1739 1
1740 1740 1
1741 1741 1
1742 1742 1
1743 1743 1
1744 1744 1
1745 1745 1
1746 1746 1
1747 1747 1
1748 1748 1
1749 1749 1
1750 1750 1
1751 1751 1
1752 1752 1
1753 1753 1
1754 1754 1
1755 1755 1
1756 1756 1
1757 1757 1
1758 1758 1
1759 1759 1
1760 1760 1
1761 1761 1
1762 1762 1
1763 1763 1
1764 1764 1
1765 1765 1
1766 1766 1
1767 1767 1
1768 1768 1
1769 1769 1
1770 1770 1
1771 1771 1
1772 1772 1
1773 1773 1
1774 1774 1
1775 1775 1
1776 1776 1
1777 1777 1
1778 1778 1
1779 1779 1
1780 1780 1
1781 1781 1
1782 1782 1
1783 1783 1
1784 1784 1
1785 1785 1
1786 1786 1
1787 1787 1
1788 1788 1
1789 1789 1
1790 1790 1
1791 1791 1
1792 1792 1
1793 1793 1
1794 1794 1
1795 1795 1
1796 1796 1
1797 1797 1
1798 1798 1
1799 1799 1
1800 1800 1
1801 1801 1
1802 1802 1
1803 1803 1
1804 1804 1
1805 1805 1
1806 1806 1
1807 1807 1
1808 1808 1
1809 1809 1
1810 1810 1
1811 1811 1
1812 1812 1
1813 1813 1
1814 1814 1
1815 1815 1
1816 1816 1
1817 1817 1
1818 1818 1
1819 1819 1
1820 1820 1
1821 1821 1
1822 1822 1
1823 1823 1
1824 1824 1
1825 1825 1
1826 1826 1
1827 1827 1
1828 1828 1
1829 1829 1
1830 1830 1
1831 1831 1
1832 1832 1
1833 1833 1
1834 1834 1
1835 1835 1
1836 1836 1
1837 1837 1
1838 1838 1
1839 1839 1
1840 1840 1
1841 1841 1
1842 1842 1
1843 1843 1
1844 1844 1
1845 1845 1
1846 1846 1
1847 1847 1
1848 1848 1
1849 1849 1
1850 1850 1
1851 1851 1
1852 1852 1
1853 1853 1
1854 1854 1
1855 1855 1
1856 1856 1
1857 1857 1
1858 1858 1
1859 1859 1
1860 1860 1
1861 1861 1
1862 1862 1
1863 1863 1
1864 1864 1
1865 1865 1
1866 1866 1
1867 1867 1
1868 1868 1
1869 1869 1
1870 1870 1
1871 1871 1
1872 1872 1
1873 1873 1
1874 1874 1
1875 1875 1
1876 1876 1
1877 1877 1
1878 1878 1
1879 1879 1
1880 1880 1
1881 1881 1
1882 1882 1
1883 1883 1
1884 1884 1
1885 1885 1
1886 1886 1
1887 1887 1
1888 1888 1
1889 1889 1
1890 1890 1
1891 1891 1
1892 1892 1
1893 1893 1
1894 1894 1
1895 1895 1
1896 1896 1
1897 1897 1
1898 1898 1
1899 1899 1
1900 1900 1
1901 1901 1
1902 1902 1
1903 1903 1
1904 1904 1
1905 1905 1
1906 1906 1
1907 1907 1
1908 1908 1
1909 1909 1
1910 1910 1
1911 1911 1
1912 1912 1
1913 1913 1
1914 1914 1
1915 1915 1
1916 1916 1
1917 1917 1
1918 1918 1
1919 1919 1
1920 1920 1
1921 1921 1
1922 1922 1
1923 1923 1
1924 1924 1
1925 1925 1
1926 1926 1
1927 1927 1
1928 1928 1
1929 1929 1
1930 1930 1
1931 1931 1
1932 1932 1
1933 1933 1
1934 1934 1
1935 1935 1
1936 1936 1
1937 1937 1
1938 1938 1
1939 1939 1
1940 1940 1
1941 1941 1
1942 1942 1
1943 1943 1
1944 1944 1
1945 1945 1
1946 1946 1
1947 1947 1
1948 1948 1
1949 1949 1
1950 1950 1
1951 1951 1
1952 1952 1
1953 1953 1
1954 1954 1
1955 1955 1
1956 1956 1
1957 1957 1
1958 1958 1
1959 1959 1
1960 1960 1
1961 1961 1
1962 1962 1
1963 1963 1
1964 1964 1
1965 1965 1
1966 1966 1
1967 1967 1
1968 1968 1
1969 1969 1
1970 1970 1
1971 1971 1
1972 1972 1
1973 1973 1
1974 1974 1
1975 1975 1
1976 1976 1
1977 1977 1
1978 1978 1
1979 1979 1
1980 1980 1
1981 1981 1
1982 1982 1
1983 1983 1
1984 1984 1
1985 1985 1
1986 1986 1
1987 1987 1
1988 1988 1
1989 1989 1
1990 1990 1
1991 1991 1
1992 1992 1
1993 1993 1
1994 1994 1
1995 1995 1
1996 1996 1
1997 1997 1
1998 1998 1
1999 1999 1
2000 2000 1
2001 2001 1
2002 2002 1
2003 2003 1
2004 2004 1
2005 2005 1
2006 2006 1
2007 2007 1
2008 2008 1
2009 2009 1
2010 2010 1
2011 2011 1
2012 2012 1
2013 2013 1
2014 2014 1
2015 2015 1
2016 2016 1
2017 2017 1
2018 2018 1
2019 2019 1
2020 2020 1
2021 2021 1
2022 2022 1
2023 2023 1
2024 2024 1
2025 2025 1
2026 2026 1
2027 2027 1
2028 2028 1
2029 2029 1
2030 2030 1
2031 2031 1
2032 2032 1
2033 2033 1
2034 2034 1
2035 2035 1
2036 2036 1
2037 2037 1
2038 2038 1
2039 2039 1
2040 2040 1
2041 2041 1
2042 2042 1
2043 2043 1
2044 2044 1
2045 2045 1
2046 2046 1
2047 2047 1
2048 2048 1
2049 2049 1
2050 2050 1
2051 2051 1
2052 2052 1
2053 2053 1
2054 2054 1
2055 2055 1
2056 2056 1
2057 2057 1
2058 2058 1
2059 2059 1
2060 2060 1
2061 2061 1
2062 2062 1
2063 2063 1
2064 2064 1
2065 2065 1
2066 2066 1
2067 2067 1
2068 2068 1
2069 2069 1
2070 2070 1
2071 2071 1
2072 2072 1
2073 2073 1
2074 2074 1
2075 2075 1
2076 2076 1
2077 2077 1
2078 2078 1
2079 2079 1
2080 2080 1
2081 2081 1
2082 2082 1
2083 2083 1
2084 2084 1
2085 2085 1
2086 2086 1
2087 2087 1
2088 2088 1
2089 2089 1
2090 2090 1
2091 2091 1
2092 2092 1
2093 2093 1
2094 2094 1
2095 2095 1
2096 2096 1
2097 2097 1
2098 2098 1
2099 2099 1
2100 2100 1
2101 2101 1
2102 2102 1
2103 2103 1
2104 2104 1
2105 2105 1
2106 2106 1
2107 2107 1
2108 2108 1
2109 2109 1
2110 2110 1
2111 2111 1
2112 2112 1
2113 2113 1
2114 2114 1
2115 2115 1
2116 2116 1
2117 2117 1
2118 2118 1
2119 2119 1
2120 2120 1
2121 2121 1
2122 2122 1
2123 2123 1
2124 2124 1
2125 2125 1
2126 2126 1
2127 2127 1
2128 2128 1
2129 2129 1
2130 2130 1
2131 2131 1
2132 2132 1
2133 2133 1
2134 2134 1
2135 2135 1
2136 2136 1
2137 2137 1
2138 2138 1
2139 2139 1
2140 2140 1
2141 2141 1
2142 2142 1
2143 2143 1
2144 2144 1
2145 2145 1
2146 2146 1
2147 2147 1
2148 2148 1
2149 2149 1
2150 2150 1
2151 2151 1
2152 2152 1
2153 2153 1
2154 2154 1
2155 2155 1
2156 2156 1
2157 2157 1
2158 2158 1
2159 2159 1
2160 2160 1
2161 2161 1
2162 2162 1
2163 2163 1
2164 2164 1
2165 2165 1
2166 2166 1
2167 2167 1
2168 2168 1
2169 2169 1
2170 2170 1
2171 2171 1
2172 2172 1
2173 2173 1
2174 2174 1
2175 2175 1
2176 2176 1
2177 2177 1
2178 2178 1
2179 2179 1
2180 2180 1
2181 2181 1
2182 2182 1
2183 2183 1
2184 2184 1
2185 2185 1
2186 2186 1
2187 2187 1
2188 2188 1
2189 2189 1
2190 2190 1
2191 2191 1
2192 2192 1
2193 2193 1
2194 2194 1
2195 2195 1
2196 2196 1
2197 2197 1
2198 2198 1
2199 2199 1
2200 2200 1
2201 2201 1
2202 2202 1
2203 2203 1
2204 2204 1
2205 2205 1
2206 2206 1
2207 2207 1
2208 2208 1
2209 2209 1
2210 2210 1
2211 2211 1
2212 2212 1
2213 2213 1
2214 2214 1
2215 2215 1
2216 2216 1
2217 2217 1
2218 2218 1
2219 2219 1
2220 2220 1
2221 2221 1
2222 2222 1
2223 2223 1
2224 2224 1
2225 2225 1
2226 2226 1
2227 2227 1
2228 2228 1
2229 2229 1
2230 2230 1
2231 2231 1
2232 2232 1
2233 2233 1
2234 2234 1
2235 2235 1
2236 2236 1
2237 2237 1
2238 2238 1
2239 2239 1
2240 2240 1
2241 2241 1
2242 2242 1
2243 2243 1
2244 2244 1
2245 2245 1
2246 2246 1
2247 2247 1
2248 2248 1
2249 2249 1
2250 2250 1
2251 2251 1
2252 2252 1
2253 2253 1
2254 2254 1
2255 2255 1
2256 2256 1
2257 2257 1
2258 2258 1
2259 2259 1
2260 2260 1
2261 2261 1
2262 2262 1
2263 2263 1
2264 2264 1
2265 2265 1
2266 2266 1
2267 2267 1
2268 2268 1
2269 2269 1
2270 2270 1
2271 2271 1
2272 2272 1
2273 2273 1
2274 2274 1
2275 2275 1
2276 2276 1
2277 2277 1
2278 2278 1
2279 2279 1
2280 2280 1
2281 2281 1
2282 2282 1
2283 2283 1
2284 2284 1
2285 2285 1
2286 2286 1
2287 2287 1
2288 2288 1
2289 2289 1
2290 2290 1
2291 2291 1
2292 2292 1
2293 2293 1
2294 2294 1
2295 2295 1
2296 2296 1
2297 2297 1
2298 2298 1
2299 2299 1
2300 2300 1
2301 2301 1
2302 2302 1
2303 2303 1
2304 2304 1
2305 2305 1
2306 2306 1
2307 2307 1
2308 2308 1
2309 2309 1
2310 2310 1
2311 2311 1
2312 2312 1
2313 2313 1
2314 2314 1
2315 2315 1
2316 2316 1
2317 2317 1
2318 2318 1
2319 2319 1
2320 2320 1
2321 2321 1
2322 2322 1
2323 2323 1
2324 2324 1
2325 2325 1
2326 2326 1
2327 2327 1
2328 2328 1
2329 2329 1
2330 2330 1
2331 2331 1
2332 2332 1
2333 2333 1
2334 2334 1
2335 2335 1
2336 2336 1
2337 2337 1
2338 2338 1
2339 2339 1
2340 2340 1
2341 2341 1
2342 2342 1
2343 2343 1
2344 2344 1
2345 2345 1
2346 2346 1
2347 2347 1
2348 2348 1
2349 2349 1
2350 2350 1
2351 2351 1
2352 2352 1
2353 2353 1
2354 2354 1
2355 2355 1
2356 2356 1
2357 2357 1
2358 2358 1
2359 2359 1
2360 2360 1
2361 2361 1
2362 2362 1
2363 2363 1
2364 2364 1
2365 2365 1
2366 2366 1
2367 2367 1
2368 2368 1
2369 2369 1
2370 2370 1
2371 2371 1
2372 2372 1
2373 2373 1
2374 2374 1
2375 2375 1
2376 2376 1
2377 2377 1
2378 2378 1
2379 2379 1
2380 2380 1
2381 2381 1
2382 2382 1
2383 2383 1
2384 2384 1
2385 2385 1
2386 2386 1
2387 2387 1
2388 2388 1
2389 2389 1
2390 2390 1
2391 2391 1
2392 2392 1
2393 2393 1
2394 2394 1
2395 2395 1
2396 2396 1
2397 2397 1
2398 2398 1
2399 2399 1
2400 2400 1
2401 2401 1
2402 2402 1
2403 2403 1
2404 2404 1
2405 2405 1
2406 2406 1
2407 2407 1
2408 2408 1
2409 2409 1
2410 2410 1
2411 2411 1
2412 2412 1
2413 2413 1
2414 2414 1
2415 2415 1
2416 2416 1
2417 2417 1
2418 2418 1
2419 2419 1
2420 2420 1
2421 2421 1
2422 2422 1
2423 2423 1
2424 2424 1
2425 2425 1
2426 2426 1
2427 2427 1
2428 2428 1
2429 2429 1
2430 2430 1
2431 2431 1
2432 2432 1
2433 2433 1
2434 2434 1
2435 2435 1
2436 2436 1
2437 2437 1
2438 2438 1
2439 2439 1
2440 2440 1
2441 2441 1
2442 2442 1
2443 2443 1
2444 2444 1
2445 2445 1
2446 2446 1
2447 2447 1
2448 2448 1
2449 2449 1
2450 2450 1
2451 2451 1
2452 2452 1
2453 2453 1
2454 2454 1
2455 2455 1
2456 2456 1
2457 2457 1
2458 2458 1
2459 2459 1
2460 2460 1
2461 2461 1
2462 2462 1
2463 2463 1
2464 2464 1
2465 2465 1
2466 2466 1
2467 2467 1
2468 2468 1
2469 2469 1
2470 2470 1
2471 2471 1
2472 2472 1
2473 2473 1
2474 2474 1
2475 2475 1
2476 2476 1
2477 2477 1
2478 2478 1
2479 2479 1
2480 2480 1
2481 2481 1
2482 2482 1
2483 2483 1
2484 2484 1
2485 2485 1
2486 2486 1
2487 2487 1
2488 2488 1
2489 2489 1
2490 2490 1
2491 2491 1
2492 2492 1
2493 2493 1
2494 2494 1
2495 2495 1
2496 2496 1
2497 2497 1
2498 2498 1
2499 2499 1
2500 2500 1
2501 2501 1
2502 2502 1
2503 2503 1
2504 2504 1
2505 2505 1
2506 2506 1
2507 2507 1
2508 2508 1
2509 2509 1
2510 2510 1
2511 2511 1
2512 2512 1
2513 2513 1
2514 2514 1
2515 2515 1
2516 2516 1
2517 2517 1
2518 2518 1
2519 2519 1
2520 2520 1
2521 2521 1
2522 2522 1
2523 2523 1
2524 2524 1
2525 2525 1
2526 2526 1
2527 2527 1
2528 2528 1
2529 2529 1
2530 2530 1
2531 2531 1
2532 2532 1
2533 2533 1
2534 2534 1
2535 2535 1
2536 2536 1
2537 2537 1
2538 2538 1
2539 2539 1
2540 2540 1
2541 2541 1
2542 2542 1
2543 2543 1
2544 2544 1
2545 2545 1
2546 2546 1
2547 2547 1
2548 2548 1
2549 2549 1
2550 2550 1
2551 2551 1
2552 2552 1
2553 2553 1
2554 2554 1
2555 2555 1
2556 2556 1
2557 2557 1
2558 2558 1
2559 2559 1
2560 2560 1
2561 2561 1
2562 2562 1
2563 2563 1
2564 2564 1
2565 2565 1
2566 2566 1
2567 2567 1
2568 2568 1
2569 2569 1
2570 2570 1
2571 2571 1
2572 2572 1
2573 2573 1
2574 2574 1
2575 2575 1
2576 2576 1
2577 2577 1
2578 2578 1
2579 2579 1
2580 2580 1
2581 2581 1
2582 2582 1
2583 2583 1
2584 2584 1
2585 2585 1
2586 2586 1
2587 2587 1
2588 2588 1
2589 2589 1
2590 2590 1
2591 2591 1
2592 2592 1
2593 2593 1
2594 2594 1
2595 2595 1
2596 2596 1
2597 2597 1
2598 2598 1
2599 2599 1
2600 2600 1
2601 2601 1
2602 2602 1
2603 2603 1
2604 2604 1
2605 2605 1
2606 2606 1
2607 2607 1
2608 2608 1
2609 2609 1
2610 2610 1
2611 2611 1
2612 2612 1
2613 2613 1
2614 2614 1
2615 2615 1
2616 2616 1
2617 2617 1
2618 2618 1
2619 2619 1
2620 2620 1
2621 2621 1
2622 2622 1
2623 2623 1
2624 2624 1
2625 2625 1
2626 2626 1
2627 2627 1
2628 2628 1
2629 2629 1
2630 2630 1
2631 2631 1
2632 2632 1
2633 2633 1
2634 2634 1
2635 2635 1
2636 2636 1
2637 2637 1
2638 2638 1
2639 2639 1
2640 2640 1
2641 2641 1
2642 2642 1
2643 2643 1
2644 2644 1
2645 2645 1
2646 2646 1
2647 2647 1
2648 2648 1
2649 2649 1
2650 2650 1
2651 2651 1
2652 2652 1
2653 2653 1
2654 2654 1
2655 2655 1
2656 2656 1
2657 2657 1
2658 2658 1
2659 2659 1
2660 2660 1
2661 2661 1
2662 2662 1
2663 2663 1
2664 2664 1
2665 2665 1
2666 2666 1
2667 2667 1
2668 2668 1
2669 2669 1
2670 2670 1
2671 2671 1
2672 2672 1
2673 2673 1
2674 2674 1
2675 2675 1
2676 2676 1
2677 2677 1
2678 2678 1
2679 2679 1
2680 2680 1
2681 2681 1
2682 2682 1
2683 2683 1
2684 2684 1
2685 2685 1
2686 2686 1
2687 2687 1
2688 2688 1
2689 2689 1
2690 2690 1
2691 2691 1
2692 2692 1
2693 2693 1
2694 2694 1
2695 2695 1
2696 2696 1
2697 2697 1
2698 2698 1
2699 2699 1
2700 2700 1
2701 2701 1
2702 2702 1
2703 2703 1
2704 2704 1
2705 2705 1
2706 2706 1
2707 2707 1
2708 2708 1
2709 2709 1
2710 2710 1
2711 2711 1
2712 2712 1
2713 2713 1
2714 2714 1
2715 2715 1
2716 2716 1
2717 2717 1
2718 2718 1
2719 2719 1
2720 2720 1
2721 2721 1
2722 2722 1
2723 2723 1
2724 2724 1
2725 2725 1
2726 2726 1
2727 2727 1
2728 2728 1
2729 2729 1
2730 2730 1
2731 2731 1
2732 2732 1
2733 2733 1
2734 2734 1
2735 2735 1
2736 2736 1
2737 2737 1
2738 2738 1
2739 2739 1
2740 2740 1
2741 2741 1
2742 2742 1
2743 2743 1
2744 2744 1
2745 2745 1
2746 2746 1
2747 2747 1
2748 2748 1
2749 2749 1
2750 2750 1
2751 2751 1
2752 2752 1
2753 2753 1
2754 2754 1
2755 2755 1
2756 2756 1
2757 2757 1
2758 2758 1
2759 2759 1
2760 2760 1
2761 2761 1
2762 2762 1
2763 2763 1
2764 2764 1
2765 2765 1
2766 2766 1
2767 2767 1
2768 2768 1
2769 2769 1
2770 2770 1
2771 2771 1
2772 2772 1
2773 2773 1
2774 2774 1
2775 2775 1
2776 2776 1
2777 2777 1
2778 2778 1
2779 2779 1
2780 2780 1
2781 2781 1
2782 2782 1
2783 2783 1
2784 2784 1
2785 2785 1
2786 2786 1
2787 2787 1
2788 2788 1
2789 2789 1
2790 2790 1
2791 2791 1
2792 2792 1
2793 2793 1
2794 2794 1
2795 2795 1
2796 2796 1
2797 2797 1
2798 2798 1
2799 2799 1
2800 2800 1
2801 2801 1
2802 2802 1
2803 2803 1
2804 2804 1
2805 2805 1
2806 2806 1
2807 2807 1
2808 2808 1
2809 2809 1
2810 2810 1
2811 2811 1
2812 2812 1
2813 2813 1
2814 2814 1
2815 2815 1
2816 2816 1
2817 2817 1
2818 2818 1
2819 2819 1
2820 2820 1
2821 2821 1
2822 2822 1
2823 2823 1
2824 2824 1
2825 2825 1
2826 2826 1
2827 2827 1
2828 2828 1
2829 2829 1
2830 2830 1
2831 2831 1
2832 2832 1
2833 2833 1
2834 2834 1
2835 2835 1
2836 2836 1
2837 2837 1
2838 2838 1
2839 2839 1
2840 2840 1
2841 2841 1
2842 2842 1
2843 2843 1
2844 2844 1
2845 2845 1
2846 2846 1
2847 2847 1
2848 2848 1
2849 2849 1
2850 2850 1
2851 2851 1
2852 2852 1
2853 2853 1
2854 2854 1
2855 2855 1
2856 2856 1
2857 2857 1
2858 2858 1
2859 2859 1
2860 2860 1
2861 2861 1
2862 2862 1
2863 2863 1
2864 2864 1
2865 2865 1
2866 2866 1
2867 2867 1
2868 2868 1
2869 2869 1
2870 2870 1
2871 2871 1
2872 2872 1
2873 2873 1
2874 2874 1
2875 2875 1
2876 2876 1
2877 2877 1
2878 2878 1
2879 2879 1
2880 2880 1
2881 2881 1
2882 2882 1
2883 2883 1
2884 2884 1
2885 2885 1
2886 2886 1
2887 2887 1
2888 2888 1
2889 2889 1
2890 2890 1
2891 2891 1
2892 2892 1
2893 2893 1
2894 2894 1
2895 2895 1
2896 2896 1
2897 2897 1
2898 2898 1
2899 2899 1
2900 2900 1
2901 2901 1
2902 2902 1
2903 2903 1
2904 2904 1
2905 2905 1
2906 2906 1
2907 2907 1
2908 2908 1
2909 2909 1
2910 2910 1
2911 2911 1
2912 2912 1
2913 2913 1
2914 2914 1
2915 2915 1
2916 2916 1
2917 2917 1
2918 2918 1
2919 2919 1
2920 2920 1
2921 2921 1
2922 2922 1
2923 2923 1
2924 2924 1
2925 2925 1
2926 2926 1
2927 2927 1
2928 2928 1
2929 2929 1
2930 2930 1
2931 2931 1
2932 2932 1
2933 2933 1
2934 2934 1
2935 2935 1
2936 2936 1
2937 2937 1
2938 2938 1
2939 2939 1
2940 2940 1
2941 2941 1
2942 2942 1
2943 2943 1
2944 2944 1
2945 2945 1
2946 2946 1
2947 2947 1
2948 2948 1
2949 2949 1
2950 2950 1
2951 2951 1
2952 2952 1
2953 2953 1
2954 2954 1
2955 2955 1
2956 2956 1
2957 2957 1
2958 2958 1
2959 2959 1
2960 2960 1
2961 2961 1
2962 2962 1
2963 2963 1
2964 2964 1
2965 2965 1
2966 2966 1
2967 2967 1
2968 2968 1
2969 2969 1
2970 2970 1
2971 2971 1
2972 2972 1
2973 2973 1
2974 2974 1
2975 2975 1
2976 2976 1
2977 2977 1
2978 2978 1
2979 2979 1
2980 2980 1
2981 2981 1
2982 2982 1
2983 2983 1
2984 2984 1
2985 2985 1
2986 2986 1
2987 2987 1
2988 2988 1
2989 2989 1
2990 2990 1
2991 2991 1
2992 2992 1
2993 2993 1
2994 2994 1
2995 2995 1
2996 2996 1
2997 2997 1
2998 2998 1
2999 2999 1
3000 3000 1
3001 3001 1
3002 3002 1
3003 3003 1
3004 3004 1
3005 3005 1
3006 3006 1
3007 3007 1
3008 3008 1
3009 3009 1
3010 3010 1
3011 3011 1
3012 3012 1
3013 3013 1
3014 3014 1
3015 3015 1
3016 3016 1
3017 3017 1
3018 3018 1
3019 3019 1
3020 3020 1
3021 3021 1
3022 3022 1
3023 3023 1
3024 3024 1
3025 3025 1
3026 3026 1
3027 3027 1
3028 3028 1
3029 3029 1
3030 3030 1
3031 3031 1
3032 3032 1
3033 3033 1
3034 3034 1
3035 3035 1
3036 3036 1
3037 3037 1
3038 3038 1
3039 3039 1
3040 3040 1
3041 3041 1
3042 3042 1
3043 3043 1
3044 3044 1
3045 3045 1
3046 3046 1
3047 3047 1
3048 3048 1
3049 3049 1
3050 3050 1
3051 3051 1
3052 3052 1
3053 3053 1
3054 3054 1
3055 3055 1
3056 3056 1
3057 3057 1
3058 3058 1
3059 3059 1
3060 3060 1
3061 3061 1
3062 3062 1
3063 3063 1
3064 3064 1
3065 3065 1
3066 3066 1
3067 3067 1
3068 3068 1
3069 3069 1
3070 3070 1
3071 3071 1
3072 3072 1
3073 3073 1
3074 3074 1
3075 3075 1
3076 3076 1
3077 3077 1
3078 3078 1
3079 3079 1
3080 3080 1
3081 3081 1
3082 3082 1
3083 3083 1
3084 3084 1
3085 3085 1
3086 3086 1
3087 3087 1
3088 3088 1
3089 3089 1
3090 3090 1
3091 3091 1
3092 3092 1
3093 3093 1
3094 3094 1
3095 3095 1
3096 3096 1
3097 3097 1
3098 3098 1
3099 3099 1
3100 3100 1
3101 3101 1
3102 3102 1
3103 3103 1
3104 3104 1
3105 3105 1
3106 3106 1
3107 3107 1
3108 3108 1
3109 3109 1
3110 3110 1
3111 3111 1
3112 3112 1
3113 3113 1
3114 3114 1
3115 3115 1
3116 3116 1
3117 3117 1
3118 3118 1
3119 3119 1
3120 3120 1
3121 3121 1
3122 3122 1
3123 3123 1
3124 3124 1
3125 3125 1
3126 3126 1
3127 3127 1
3128 3128 1
3129 3129 1
3130 3130 1
3131 3131 1
3132 3132 1
3133 3133 1
3134 3134 1
3135 3135 1
3136 3136 1
3137 3137 1
3138 3138 1
3139 3139 1
3140 3140 1
3141 3141 1
3142 3142 1
3143 3143 1
3144 3144 1
3145 3145 1
3146 3146 1
3147 3147 1
3148 3148 1
3149 3149 1
3150 3150 1
3151 3151 1
3152 3152 1
3153 3153 1
3154 3154 1
3155 3155 1
3156 3156 1
3157 3157 1
3158 3158 1
3159 3159 1
3160 3160 1
3161 3161 1
3162 3162 1
3163 3163 1
3164 3164 1
3165 3165 1
3166 3166 1
3167 3167 1
3168 3168 1
3169 3169 1
3170 3170 1
3171 3171 1
3172 3172 1
3173 3173 1
3174 3174 1
3175 3175 1
3176 3176 1
3177 3177 1
3178 3178 1
3179 3179 1
3180 3180 1
3181 3181 1
3182 3182 1
3183 3183 1
3184 3184 1
3185 3185 1
3186 3186 1
3187 3187 1
3188 3188 1
3189 3189 1
3190 3190 1
3191 3191 1
3192 3192 1
3193 3193 1
3194 3194 1
3195 3195 1
3196 3196 1
3197 3197 1
3198 3198 1
3199 3199 1
3200 3200 1
3201 3201 1
3202 3202 1
3203 3203 1
3204 3204 1
3205 3205 1
3206 3206 1
3207 3207 1
3208 3208 1
3209 3209 1
3210 3210 1
3211 3211 1
3212 3212 1
3213 3213 1
3214 3214 1
3215 3215 1
3216 3216 1
3217 3217 1
3218 3218 1
3219 3219 1
3220 3220 1
3221 3221 1
3222 3222 1
3223 3223 1
3224 3224 1
3225 3225 1
3226 3226 1
3227 3227 1
3228 3228 1
3229 3229 1
3230 3230 1
3231 3231 1
3232 3232 1
3233 3233 1
3234 3234 1
3235 3235 1
3236 3236 1
3237 3237 1
3238 3238 1
3239 3239 1
3240 3240 1
3241 3241 1
3242 3242 1
3243 3243 1
3244 3244 1
3245 3245 1
3246 3246 1
3247 3247 1
3248 3248 1
3249 3249 1
3250 3250 1
3251 3251 1
3252 3252 1
3253 3253 1
3254 3254 1
3255 3255 1
3256 3256 1
3257 3257 1
3258 3258 1
3259 3259 1
3260 3260 1
3261 3261 1
3262 3262 1
3263 3263 1
3264 3264 1
3265 3265 1
3266 3266 1
3267 3267 1
3268 3268 1
3269 3269 1
3270 3270 1
3271 3271 1
3272 3272 1
3273 3273 1
3274 3274 1
3275 3275 1
3276 3276 1
3277 3277 1
3278 3278 1
3279 3279 1
3280 3280 1
3281 3281 1
3282 3282 1
3283 3283 1
3284 3284 1
3285 3285 1
3286 3286 1
3287 3287 1
3288 3288 1
3289 3289 1
3290 3290 1
3291 3291 1
3292 3292 1
3293 3293 1
3294 3294 1
3295 3295 1
3296 3296 1
3297 3297 1
3298 3298 1
3299 3299 1
3300 3300 1
3301 3301 1
3302 3302 1
3303 3303 1
3304 3304 1
3305 3305 1
3306 3306 1
3307 3307 1
3308 3308 1
3309 3309 1
3310 3310 1
3311 3311 1
3312 3312 1
3313 3313 1
3314 3314 1
3315 3315 1
3316 3316 1
3317 3317 1
3318 3318 1
3319 3319 1
3320 3320 1
3321 3321 1
3322 3322 1
3323 3323 1
3324 3324 1
3325 3325 1
3326 3326 1
3327 3327 1
3328 3328 1
3329 3329 1
3330 3330 1
3331 3331 1
3332 3332 1
3333 3333 1
3334 3334 1
3335 3335 1
3336 3336 1
3337 3337 1
3338 3338 1
3339 3339 1
3340 3340 1
3341 3341 1
3342 3342 1
3343 3343 1
3344 3344 1
3345 3345 1
3346 3346 1
3347 3347 1
3348 3348 1
3349 3349 1
3350 3350 1
3351 3351 1
3352 3352 1
3353 3353 1
3354 3354 1
3355 3355 1
3356 3356 1
3357 3357 1
3358 3358 1
3359 3359 1
3360 3360 1
3361 3361 1
3362 3362 1
3363 3363 1
3364 3364 1
3365 3365 1
3366 3366 1
3367 3367 1
3368 3368 1
3369 3369 1
3370 3370 1
3371 3371 1
3372 3372 1
3373 3373 1
3374 3374 1
3375 3375 1
3376 3376 1
3377 3377 1
3378 3378 1
3379 3379 1
3380 3380 1
3381 3381 1
3382 3382 1
3383 3383 1
3384 3384 1
3385 3385 1
3386 3386 1
3387 3387 1
3388 3388 1
3389 3389 1
3390 3390 1
3391 3391 1
3392 3392 1
3393 3393 1
3394 3394 1
3395 3395 1
3396 3396 1
3397 3397 1
3398 3398 1
3399 3399 1
3400 3400 1
3401 3401 1
3402 3402 1
3403 3403 1
3404 3404 1
3405 3405 1
3406 3406 1
3407 3407 1
3408 3408 1
3409 3409 1
3410 3410 1
3411 3411 1
3412 3412 1
3413 3413 1
3414 3414 1
3415 3415 1
3416 3416 1
3417 3417 1
3418 3418 1
3419 3419 1
3420 3420 1
3421 3421 1
3422 3422 1
3423 3423 1
3424 3424 1
3425 3425 1
3426 3426 1
3427 3427 1
3428 3428 1
3429 3429 1
3430 3430 1
3431 3431 1
3432 3432 1
3433 3433 1
3434 3434 1
3435 3435 1
3436 3436 1
3437 3437 1
3438 3438 1
3439 3439 1
3440 3440 1
3441 3441 1
3442 3442 1
3443 3443 1
3444 3444 1
3445 3445 1
3446 3446 1
3447 3447 1
3448 3448 1
3449 3449 1
3450 3450 1
3451 3451 1
3452 3452 1
3453 3453 1
3454 3454 1
3455 3455 1
3456 3456 1
3457 3457 1
3458 3458 1
3459 3459 1
3460 3460 1
3461 3461 1
3462 3462 1
3463 3463 1
3464 3464 1
3465 3465 1
3466 3466 1
3467 3467 1
3468 3468 1
3469 3469 1
3470 3470 1
3471 3471 1
3472 3472 1
3473 3473 1
3474 3474 1
3475 3475 1
3476 3476 1
3477 3477 1
3478 3478 1
3479 3479 1
3480 3480 1
3481 3481 1
3482 3482 1
3483 3483 1
3484 3484 1
3485 3485 1
3486 3486 1
3487 3487 1
3488 3488 1
3489 3489 1
3490 3490 1
3491 3491 1
3492 3492 1
3493 3493 1
3494 3494 1
3495 3495 1
3496 3496 1
3497 3497 1
3498 3498 1
3499 3499 1
3500 3500 1
3501 3501 1
3502 3502 1
3503 3503 1
3504 3504 1
3505 3505 1
3506 3506 1
3507 3507 1
3508 3508 1
3509 3509 1
3510 3510 1
3511 3511 1
3512 3512 1
3513 3513 1
3514 3514 1
3515 3515 1
3516 3516 1
3517 3517 1
3518 3518 1
3519 3519 1
3520 3520 1
3521 3521 1
3522 3522 1
3523 3523 1
3524 3524 1
3525 3525 1
3526 3526 1
3527 3527 1
3528 3528 1
3529 3529 1
3530 3530 1
3531 3531 1
3532 3532 1
3533 3533 1
3534 3534 1
3535 3535 1
3536 3536 1
3537 3537 1
3538 3538 1
3539 3539 1
3540 3540 1
3541 3541 1
3542 3542 1
3543 3543 1
3544 3544 1
3545 3545 1
3546 3546 1
3547 3547 1
3548 3548 1
3549 3549 1
3550 3550 1
3551 3551 1
3552 3552 1
3553 3553 1
3554 3554 1
3555 3555 1
3556 3556 1
3557 3557 1
3558 3558 1
3559 3559 1
3560 3560 1
3561 3561 1
3562 3562 1
3563 3563 1
3564 3564 1
3565 3565 1
3566 3566 1
3567 3567 1
3568 3568 1
3569 3569 1
3570 3570 1
3571 3571 1
3572 3572 1
3573 3573 1
3574 3574 1
3575 3575 1
3576 3576 1
3577 3577 1
3578 3578 1
3579 3579 1
3580 3580 1
3581 3581 1
3582 3582 1
3583 3583 1
3584 3584 1
3585 3585 1
3586 3586 1
3587 3587 1
3588 3588 1
3589 3589 1
3590 3590 1
3591 3591 1
3592 3592 1
3593 3593 1
3594 3594 1
3595 3595 1
3596 3596 1
3597 3597 1
3598 3598 1
3599 3599 1
3600 3600 1
3601 3601 1
3602 3602 1
3603 3603 1
3604 3604 1
3605 3605 1
3606 3606 1
3607 3607 1
3608 3608 1
3609 3609 1
3610 3610 1
3611 3611 1
3612 3612 1
3613 3613 1
3614 3614 1
3615 3615 1
3616 3616 1
3617 3617 1
3618 3618 1
3619 3619 1
3620 3620 1
3621 3621 1
3622 3622 1
3623 3623 1
3624 3624 1
3625 3625 1
3626 3626 1
3627 3627 1
3628 3628 1
3629 3629 1
3630 3630 1
3631 3631 1
3632 3632 1
3633 3633 1
3634 3634 1
3635 3635 1
3636 3636 1
3637 3637 1
3638 3638 1
3639 3639 1
3640 3640 1
3641 3641 1
1 2 0
2 3 0
3 4 0
4 5 0
5 6 0
6 7 0
7 8 0
8 9 0
9 10 0
10 11 0
11 12 0
12 13 0
13 14 0
14 15 0
15 16 0
16 17 0
17 18 0
18 19 0
19 20 0
20 21 0
21 22 0
22 23 0
23 24 0
24 25 0
25 26 0
26 27 0
27 28 0
28 29 0
29 30 0
30 31 0
31 32 0
32 33 0
33 34 0
34 35 0
35 36 0
36 37 0
37 38 0
38 39 0
39 40 0
40 41 0
41 42 0
42 43 0
43 44 0
44 45 0
45 46 0
46 47 0
47 48 0
48 49 0
49 50 0
50 51 0
51 52 0
52 53 0
53 54 0
54 55 0
55 56 0
56 57 0
57 58 0
58 59 0
59 60 0
60 61 0
61 62 0
62 63 0
63 64 0
64 65 0
65 66 0
66 67 0
67 68 0
68 69 0
69 70 0
70 71 0
71 72 0
72 73 0
73 74 0
74 75 0
75 76 0
76 77 0
77 78 0
78 79 0
79 80 0
80 81 0
81 82 0
82 83 0
83 84 0
84 85 0
85 86 0
86 87 0
87 88 0
88 89 0
89 90 0
90 91 0
91 92 0
92 93 0
93 94 0
94 95 0
95 96 0
96 97 0
97 98 0
98 99 0
99 100 0
100 101 0
101 102 0
102 103 0
103 104 0
104 105 0
105 106 0
106 107 0
107 108 0
108 109 0
109 110 0
110 111 0
111 112 0
112 113 0
113 114 0
114 115 0
115 116 0
116 117 0
117 118 0
118 119 0
119 120 0
120 121 0
121 122 0
122 123 0
123 124 0
124 125 0
125 126 0
126 127 0
127 128 0
128 129 0
129 130 0
130 131 0
131 132 0
132 133 0
133 134 0
134 135 0
135 136 0
136 137 0
137 138 0
138 139 0
139 140 0
140 141 0
141 142 0
142 143 0
143 144 0
144 145 0
145 146 0
146 147 0
147 148 0
148 149 0
149 150 0
150 151 0
151 152 0
152 153 0
153 154 0
154 155 0
155 156 0
156 157 0
157 158 0
158 159 0
159 160 0
160 161 0
161 162 0
162 163 0
163 164 0
164 165 0
165 166 0
166 167 0
167 168 0
168 169 0
169 170 0
170 171 0
171 172 0
172 173 0
173 174 0
174 175 0
175 176 0
176 177 0
177 178 0
178 179 0
179 180 0
180 181 0
181 182 0
182 183 0
183 184 0
184 185 0
185 186 0
186 187 0
187 188 0
188 189 0
189 190 0
190 191 0
191 192 0
192 193 0
193 194 0
194 195 0
195 196 0
196 197 0
197 198 0
198 199 0
199 200 0
200 201 0
201 202 0
202 203 0
203 204 0
204 205 0
205 206 0
206 207 0
207 208 0
208 209 0
209 210 0
210 211 0
211 212 0
212 213 0
213 214 0
214 215 0
215 216 0
216 217 0
217 218 0
218 219 0
219 220 0
220 221 0
221 222 0
222 223 0
223 224 0
224 225 0
225 226 0
226 227 0
227 228 0
228 229 0
229 230 0
230 231 0
231 232 0
232 233 0
233 234 0
234 235 0
235 236 0
236 237 0
237 238 0
238 239 0
239 240 0
240 241 0
241 242 0
242 243 0
243 244 0
244 245 0
245 246 0
246 247 0
247 248 0
248 249 0
249 250 0
250 251 0
251 252 0
252 253 0
253 254 0
254 255 0
255 256 0
256 257 0
257 258 0
258 259 0
259 260 0
260 261 0
261 262 0
262 263 0
263 264 0
264 265 0
265 266 0
266 267 0
267 268 0
268 269 0
269 270 0
270 271 0
271 272 0
272 273 0
273 274 0
274 275 0
275 276 0
276 277 0
277 278 0
278 279 0
279 280 0
280 281 0
281 282 0
282 283 0
283 284 0
284 285 0
285 286 0
286 287 0
287 288 0
288 289 0
289 290 0
290 291 0
291 292 0
292 293 0
293 294 0
294 295 0
295 296 0
296 297 0
297 298 0
298 299 0
299 300 0
300 301 0
301 302 0
302 303 0
303 304 0
304 305 0
305 306 0
306 307 0
307 308 0
308 309 0
309 310 0
310 311 0
311 312 0
312 313 0
313 314 0
314 315 0
315 316 0
316 317 0
317 318 0
318 319 0
319 320 0
320 321 0
321 322 0
322 323 0
323 324 0
324 325 0
325 326 0
326 327 0
327 328 0
328 329 0
329 330 0
330 331 0
331 332 0
332 333 0
333 334 0
334 335 0
335 336 0
336 337 0
337 338 0
338 339 0
339 340 0
340 341 0
341 342 0
342 343 0
343 344 0
344 345 0
345 346 0
346 347 0
347 348 0
348 349 0
349 350 0
350 351 0
351 352 0
352 353 0
353 354 0
354 355 0
355 356 0
356 357 0
357 358 0
358 359 0
359 360 0
360 361 0
361 362 0
362 363 0
363 364 0
364 365 0
365 366 0
366 367 0
367 368 0
368 369 0
369 370 0
370 371 0
371 372 0
372 373 0
373 374 0
374 375 0
375 376 0
376 377 0
377 378 0
378 379 0
379 380 0
380 381 0
381 382 0
382 383 0
383 384 0
384 385 0
385 386 0
386 387 0
387 388 0
388 389 0
389 390 0
390 391 0
391 392 0
392 393 0
393 394 0
394 395 0
395 396 0
396 397 0
397 398 0
398 399 0
399 400 0
400 401 0
401 402 0
402 403 0
403 404 0
404 405 0
405 406 0
406 407 0
407 408 0
408 409 0
409 410 0
410 411 0
411 412 0
412 413 0
413 414 0
414 415 0
415 416 0
416 417 0
417 418 0
418 419 0
419 420 0
420 421 0
421 422 0
422 423 0
423 424 0
424 425 0
425 426 0
426 427 0
427 428 0
428 429 0
429 430 0
430 431 0
431 432 0
432 433 0
433 434 0
434 435 0
435 436 0
436 437 0
437 438 0
438 439 0
439 440 0
440 441 0
441 442 0
442 443 0
443 444 0
444 445 0
445 446 0
446 447 0
447 448 0
448 449 0
449 450 0
450 451 0
451 452 0
452 453 0
453 454 0
454 455 0
455 456 0
456 457 0
457 458 0
458 459 0
459 460 0
460 461 0
461 462 0
462 463 0
463 464 0
464 465 0
465 466 0
466 467 0
467 468 0
468 469 0
469 470 0
470 471 0
471 472 0
472 473 0
473 474 0
474 475 0
475 476 0
476 477 0
477 478 0
478 479 0
479 480 0
480 481 0
481 482 0
482 483 0
483 484 0
484 485 0
485 486 0
486 487 0
487 488 0
488 489 0
489 490 0
490 491 0
491 492 0
492 493 0
493 494 0
494 495 0
495 496 0
496 497 0
497 498 0
498 499 0
499 500 0
500 501 0
501 502 0
502 503 0
503 504 0
504 505 0
505 506 0
506 507 0
507 508 0
508 509 0
509 510 0
510 511 0
511 512 0
512 513 0
513 514 0
514 515 0
515 516 0
516 517 0
517 518 0
518 519 0
519 520 0
520 521 0
521 522 0
522 523 0
523 524 0
524 525 0
525 526 0
526 527 0
527 528 0
528 529 0
529 530 0
530 531 0
531 532 0
532 533 0
533 534 0
534 535 0
535 536 0
536 537 0
537 538 0
538 539 0
539 540 0
540 541 0
541 542 0
542 543 0
543 544 0
544 545 0
545 546 0
546 547 0
547 548 0
548 549 0
549 550 0
550 551 0
551 552 0
552 553 0
553 554 0
554 555 0
555 556 0
556 557 0
557 558 0
558 559 0
559 560 0
560 561 0
561 562 0
562 563 0
563 564 0
564 565 0
565 566 0
566 567 0
567 568 0
568 569 0
569 570 0
570 571 0
571 572 0
572 573 0
573 574 0
574 575 0
575 576 0
576 577 0
577 578 0
578 579 0
579 580 0
580 581 0
581 582 0
582 583 0
583 584 0
584 585 0
585 586 0
586 587 0
587 588 0
588 589 0
589 590 0
590 591 0
591 592 0
592 593 0
593 594 0
594 595 0
595 596 0
596 597 0
597 598 0
598 599 0
599 600 0
600 601 0
601 602 0
602 603 0
603 604 0
604 605 0
605 606 0
606 607 0
607 608 0
608 609 0
609 610 0
610 611 0
611 612 0
612 613 0
613 614 0
614 615 0
615 616 0
616 617 0
617 618 0
618 619 0
619 620 0
620 621 0
621 622 0
622 623 0
623 624 0
624 625 0
625 626 0
626 627 0
627 628 0
628 629 0
629 630 0
630 631 0
631 632 0
632 633 0
633 634 0
634 635 0
635 636 0
636 637 0
637 638 0
638 639 0
639 640 0
640 641 0
641 642 0
642 643 0
643 644 0
644 645 0
645 646 0
646 647 0
647 648 0
648 649 0
649 650 0
650 651 0
651 652 0
652 653 0
653 654 0
654 655 0
655 656 0
656 657 0
657 658 0
658 659 0
659 660 0
660 661 0
661 662 0
662 663 0
663 664 0
664 665 0
665 666 0
666 667 0
667 668 0
668 669 0
669 670 0
670 671 0
671 672 0
672 673 0
673 674 0
674 675 0
675 676 0
676 677 0
677 678 0
678 679 0
679 680 0
680 681 0
681 682 0
682 683 0
683 684 0
684 685 0
685 686 0
686 687 0
687 688 0
688 689 0
689 690 0
690 691 0
691 692 0
692 693 0
693 694 0
694 695 0
695 696 0
696 697 0
697 698 0
698 699 0
699 700 0
700 701 0
701 702 0
702 703 0
703 704 0
704 705 0
705 706 0
706 707 0
707 708 0
708 709 0
709 710 0
710 711 0
711 712 0
712 713 0
713 714 0
714 715 0
715 716 0
716 717 0
717 718 0
718 719 0
719 720 0
720 721 0
721 722 0
722 723 0
723 724 0
724 725 0
725 726 0
726 727 0
727 728 0
728 729 0
729 730 0
730 731 0
731 732 0
732 733 0
733 734 0
734 735 0
735 736 0
736 737 0
737 738 0
738 739 0
739 740 0
740 741 0
741 742 0
742 743 0
743 744 0
744 745 0
745 746 0
746 747 0
747 748 0
748 749 0
749 750 0
750 751 0
751 752 0
752 753 0
753 754 0
754 755 0
755 756 0
756 757 0
757 758 0
758 759 0
759 760 0
760 761 0
761 762 0
762 763 0
763 764 0
764 765 0
765 766 0
766 767 0
767 768 0
768 769 0
769 770 0
770 771 0
771 772 0
772 773 0
773 774 0
774 775 0
775 776 0
776 777 0
777 778 0
778 779 0
779 780 0
780 781 0
781 782 0
782 783 0
783 784 0
784 785 0
785 786 0
786 787 0
787 788 0
788 789 0
789 790 0
790 791 0
791 792 0
792 793 0
793 794 0
794 795 0
795 796 0
796 797 0
797 798 0
798 799 0
799 800 0
800 801 0
801 802 0
802 803 0
803 804 0
804 805 0
805 806 0
806 807 0
807 808 0
808 809 0
809 810 0
810 811 0
811 812 0
812 813 0
813 814 0
814 815 0
815 816 0
816 817 0
817 818 0
818 819 0
819 820 0
820 821 0
821 822 0
822 823 0
823 824 0
824 825 0
825 826 0
826 827 0
827 828 0
828 829 0
829 830 0
830 831 0
831 832 0
832 833 0
833 834 0
834 835 0
835 836 0
836 837 0
837 838 0
838 839 0
839 840 0
840 841 0
841 842 0
842 843 0
843 844 0
844 845 0
845 846 0
846 847 0
847 848 0
848 849 0
849 850 0
850 851 0
851 852 0
852 853 0
853 854 0
854 855 0
855 856 0
856 857 0
857 858 0
858 859 0
859 860 0
860 861 0
861 862 0
862 863 0
863 864 0
864 865 0
865 866 0
866 867 0
867 868 0
868 869 0
869 870 0
870 871 0
871 872 0
872 873 0
873 874 0
874 875 0
875 876 0
876 877 0
877 878 0
878 879 0
879 880 0
880 881 0
881 882 0
882 883 0
883 884 0
884 885 0
885 886 0
886 887 0
887 888 0
888 889 0
889 890 0
890 891 0
891 892 0
892 893 0
893 894 0
894 895 0
895 896 0
896 897 0
897 898 0
898 899 0
899 900 0
900 901 0
901 902 0
902 903 0
903 904 0
904 905 0
905 906 0
906 907 0
907 908 0
908 909 0
909 910 0
910 911 0
911 912 0
912 913 0
913 914 0
914 915 0
915 916 0
916 917 0
917 918 0
918 919 0
919 920 0
920 921 0
921 922 0
922 923 0
923 924 0
924 925 0
925 926 0
926 927 0
927 928 0
928 929 0
929 930 0
930 931 0
931 932 0
932 933 0
933 934 0
934 935 0
935 936 0
936 937 0
937 938 0
938 939 0
939 940 0
940 941 0
941 942 0
942 943 0
943 944 0
944 945 0
945 946 0
946 947 0
947 948 0
948 949 0
949 950 0
950 951 0
951 952 0
952 953 0
953 954 0
954 955 0
955 956 0
956 957 0
957 958 0
958 959 0
959 960 0
960 961 0
961 962 0
962 963 0
963 964 0
964 965 0
965 966 0
966 967 0
967 968 0
968 969 0
969 970 0
970 971 0
971 972 0
972 973 0
973 974 0
974 975 0
975 976 0
976 977 0
977 978 0
978 979 0
979 980 0
980 981 0
981 982 0
982 983 0
983 984 0
984 985 0
985 986 0
986 987 0
987 988 0
988 989 0
989 990 0
990 991 0
991 992 0
992 993 0
993 994 0
994 995 0
995 996 0
996 997 0
997 998 0
998 999 0
999 1000 0
1000 1001 0
1001 1002 0
1002 1003 0
1003 1004 0
1004 1005 0
1005 1006 0
1006 1007 0
1007 1008 0
1008 1009 0
1009 1010 0
1010 1011 0
1011 1012 0
1012 1013 0
1013 1014 0
1014 1015 0
1015 1016 0
1016 1017 0
1017 1018 0
1018 1019 0
1019 1020 0
1020 1021 0
1021 1022 0
1022 1023 0
1023 1024 0
1024 1025 0
1025 1026 0
1026 1027 0
1027 1028 0
1028 1029 0
1029 1030 0
1030 1031 0
1031 1032 0
1032 1033 0
1033 1034 0
1034 1035 0
1035 1036 0
1036 1037 0
1037 1038 0
1038 1039 0
1039 1040 0
1040 1041 0
1041 1042 0
1042 1043 0
1043 1044 0
1044 1045 0
1045 1046 0
1046 1047 0
1047 1048 0
1048 1049 0
1049 1050 0
1050 1051 0
1051 1052 0
1052 1053 0
1053 1054 0
1054 1055 0
1055 1056 0
1056 1057 0
1057 1058 0
1058 1059 0
1059 1060 0
1060 1061 0
1061 1062 0
1062 1063 0
1063 1064 0
1064 1065 0
1065 1066 0
1066 1067 0
1067 1068 0
1068 1069 0
1069 1070 0
1070 1071 0
1071 1072 0
1072 1073 0
1073 1074 0
1074 1075 0
1075 1076 0
1076 1077 0
1077 1078 0
1078 1079 0
1079 1080 0
1080 1081 0
1081 1082 0
1082 1083 0
1083 1084 0
1084 1085 0
1085 1086 0
1086 1087 0
1087 1088 0
1088 1089 0
1089 1090 0
1090 1091 0
1091 1092 0
1092 1093 0
1093 1094 0
1094 1095 0
1095 1096 0
1096 1097 0
1097 1098 0
1098 1099 0
1099 1100 0
1100 1101 0
1101 1102 0
1102 1103 0
1103 1104 0
1104 1105 0
1105 1106 0
1106 1107 0
1107 1108 0
1108 1109 0
1109 1110 0
1110 1111 0
1111 1112 0
1112 1113 0
1113 1114 0
1114 1115 0
1115 1116 0
1116 1117 0
1117 1118 0
1118 1119 0
1119 1120 0
1120 1121 0
1121 1122 0
1122 1123 0
1123 1124 0
1124 1125 0
1125 1126 0
1126 1127 0
1127 1128 0
1128 1129 0
1129 1130 0
1130 1131 0
1131 1132 0
1132 1133 0
1133 1134 0
1134 1135 0
1135 1136 0
1136 1137 0
1137 1138 0
1138 1139 0
1139 1140 0
1140 1141 0
1141 1142 0
1142 1143 0
1143 1144 0
1144 1145 0
1145 1146 0
1146 1147 0
1147 1148 0
1148 1149 0
1149 1150 0
1150 1151 0
1151 1152 0
1152 1153 0
1153 1154 0
1154 1155 0
1155 1156 0
1156 1157 0
1157 1158 0
1158 1159 0
1159 1160 0
1160 1161 0
1161 1162 0
1162 1163 0
1163 1164 0
1164 1165 0
1165 1166 0
1166 1167 0
1167 1168 0
1168 1169 0
1169 1170 0
1170 1171 0
1171 1172 0
1172 1173 0
1173 1174 0
1174 1175 0
1175 1176 0
1176 1177 0
1177 1178 0
1178 1179 0
1179 1180 0
1180 1181 0
1181 1182 0
1182 1183 0
1183 1184 0
1184 1185 0
1185 1186 0
1186 1187 0
1187 1188 0
1188 1189 0
1189 1190 0
1190 1191 0
1191 1192 0
1192 1193 0
1193 1194 0
1194 1195 0
1195 1196 0
1196 1197 0
1197 1198 0
1198 1199 0
1199 1200 0
1200 1201 0
1201 1202 0
1202 1203 0
1203 1204 0
1204 1205 0
1205 1206 0
1206 1207 0
1207 1208 0
1208 1209 0
1209 1210 0
1210 1211 0
1211 1212 0
1212 1213 0
1213 1214 0
1214 1215 0
1215 1216 0
1216 1217 0
1217 1218 0
1218 1219 0
1219 1220 0
1220 1221 0
1221 1222 0
1222 1223 0
1223 1224 0
1224 1225 0
1225 1226 0
1226 1227 0
1227 1228 0
1228 1229 0
1229 1230 0
1230 1231 0
1231 1232 0
1232 1233 0
1233 1234 0
1234 1235 0
1235 1236 0
1236 1237 0
1237 1238 0
1238 1239 0
1239 1240 0
1240 1241 0
1241 1242 0
1242 1243 0
1243 1244 0
1244 1245 0
1245 1246 0
1246 1247 0
1247 1248 0
1248 1249 0
1249 1250 0
1250 1251 0
1251 1252 0
1252 1253 0
1253 1254 0
1254 1255 0
1255 1256 0
1256 1257 0
1257 1258 0
1258 1259 0
1259 1260 0
1260 1261 0
1261 1262 0
1262 1263 0
1263 1264 0
1264 1265 0
1265 1266 0
1266 1267 0
1267 1268 0
1268 1269 0
1269 1270 0
1270 1271 0
1271 1272 0
1272 1273 0
1273 1274 0
1274 1275 0
1275 1276 0
1276 1277 0
1277 1278 0
1278 1279 0
1279 1280 0
1280 1281 0
1281 1282 0
1282 1283 0
1283 1284 0
1284 1285 0
1285 1286 0
1286 1287 0
1287 1288 0
1288 1289 0
1289 1290 0
1290 1291 0
1291 1292 0
1292 1293 0
1293 1294 0
1294 1295 0
1295 1296 0
1296 1297 0
1297 1298 0
1298 1299 0
1299 1300 0
1300 1301 0
1301 1302 0
1302 1303 0
1303 1304 0
1304 1305 0
1305 1306 0
1306 1307 0
1307 1308 0
1308 1309 0
1309 1310 0
1310 1311 0
1311 1312 0
1312 1313 0
1313 1314 0
1314 1315 0
1315 1316 0
1316 1317 0
1317 1318 0
1318 1319 0
1319 1320 0
1320 1321 0
1321 1322 0
1322 1323 0
1323 1324 0
1324 1325 0
1325 1326 0
1326 1327 0
1327 1328 0
1328 1329 0
1329 1330 0
1330 1331 0
1331 1332 0
1332 1333 0
1333 1334 0
1334 1335 0
1335 1336 0
1336 1337 0
1337 1338 0
1338 1339 0
1339 1340 0
1340 1341 0
1341 1342 0
1342 1343 0
1343 1344 0
1344 1345 0
1345 1346 0
1346 1347 0
1347 1348 0
1348 1349 0
1349 1350 0
1350 1351 0
1351 1352 0
1352 1353 0
1353 1354 0
1354 1355 0
1355 1356 0
1356 1357 0
1357 1358 0
1358 1359 0
1359 1360 0
1360 1361 0
1361 1362 0
1362 1363 0
1363 1364 0
1364 1365 0
1365 1366 0
1366 1367 0
1367 1368 0
1368 1369 0
1369 1370 0
1370 1371 0
1371 1372 0
1372 1373 0
1373 1374 0
1374 1375 0
1375 1376 0
1376 1377 0
1377 1378 0
1378 1379 0
1379 1380 0
1380 1381 0
1381 1382 0
1382 1383 0
1383 1384 0
1384 1385 0
1385 1386 0
1386 1387 0
1387 1388 0
1388 1389 0
1389 1390 0
1390 1391 0
1391 1392 0
1392 1393 0
1393 1394 0
1394 1395 0
1395 1396 0
1396 1397 0
1397 1398 0
1398 1399 0
1399 1400 0
1400 1401 0
1401 1402 0
1402 1403 0
1403 1404 0
1404 1405 0
1405 1406 0
1406 1407 0
1407 1408 0
1408 1409 0
1409 1410 0
1410 1411 0
1411 1412 0
1412 1413 0
1413 1414 0
1414 1415 0
1415 1416 0
1416 1417 0
1417 1418 0
1418 1419 0
1419 1420 0
1420 1421 0
1421 1422 0
1422 1423 0
1423 1424 0
1424 1425 0
1425 1426 0
1426 1427 0
1427 1428 0
1428 1429 0
1429 1430 0
1430 1431 0
1431 1432 0
1432 1433 0
1433 1434 0
1434 1435 0
1435 1436 0
1436 1437 0
1437 1438 0
1438 1439 0
1439 1440 0
1440 1441 0
1441 1442 0
1442 1443 0
1443 1444 0
1444 1445 0
1445 1446 0
1446 1447 0
1447 1448 0
1448 1449 0
1449 1450 0
1450 1451 0
1451 1452 0
1452 1453 0
1453 1454 0
1454 1455 0
1455 1456 0
1456 1457 0
1457 1458 0
1458 1459 0
1459 1460 0
1460 1461 0
1461 1462 0
1462 1463 0
1463 1464 0
1464 1465 0
1465 1466 0
1466 1467 0
1467 1468 0
1468 1469 0
1469 1470 0
1470 1471 0
1471 1472 0
1472 1473 0
1473 1474 0
1474 1475 0
1475 1476 0
1476 1477 0
1477 1478 0
1478 1479 0
1479 1480 0
1480 1481 0
1481 1482 0
1482 1483 0
1483 1484 0
1484 1485 0
1485 1486 0
1486 1487 0
1487 1488 0
1488 1489 0
1489 1490 0
1490 1491 0
1491 1492 0
1492 1493 0
1493 1494 0
1494 1495 0
1495 1496 0
1496 1497 0
1497 1498 0
1498 1499 0
1499 1500 0
1500 1501 0
1501 1502 0
1502 1503 0
1503 1504 0
1504 1505 0
1505 1506 0
1506 1507 0
1507 1508 0
1508 1509 0
1509 1510 0
1510 1511 0
1511 1512 0
1512 1513 0
1513 1514 0
1514 1515 0
1515 1516 0
1516 1517 0
1517 1518 0
1518 1519 0
1519 1520 0
1520 1521 0
1521 1522 0
1522 1523 0
1523 1524 0
1524 1525 0
1525 1526 0
1526 1527 0
1527 1528 0
1528 1529 0
1529 1530 0
1530 1531 0
1531 1532 0
1532 1533 0
1533 1534 0
1534 1535 0
1535 1536 0
1536 1537 0
1537 1538 0
1538 1539 0
1539 1540 0
1540 1541 0
1541 1542 0
1542 1543 0
1543 1544 0
1544 1545 0
1545 1546 0
1546 1547 0
1547 1548 0
1548 1549 0
1549 1550 0
1550 1551 0
1551 1552 0
1552 1553 0
1553 1554 0
1554 1555 0
1555 1556 0
1556 1557 0
1557 1558 0
1558 1559 0
1559 1560 0
1560 1561 0
1561 1562 0
1562 1563 0
1563 1564 0
1564 1565 0
1565 1566 0
1566 1567 0
1567 1568 0
1568 1569 0
1569 1570 0
1570 1571 0
1571 1572 0
1572 1573 0
1573 1574 0
1574 1575 0
1575 1576 0
1576 1577 0
1577 1578 0
1578 1579 0
1579 1580 0
1580 1581 0
1581 1582 0
1582 1583 0
1583 1584 0
1584 1585 0
1585 1586 0
1586 1587 0
1587 1588 0
1588 1589 0
1589 1590 0
1590 1591 0
1591 1592 0
1592 1593 0
1593 1594 0
1594 1595 0
1595 1596 0
1596 1597 0
1597 1598 0
1598 1599 0
1599 1600 0
1600 1601 0
1601 1602 0
1602 1603 0
1603 1604 0
1604 1605 0
1605 1606 0
1606 1607 0
1607 1608 0
1608 1609 0
1609 1610 0
1610 1611 0
1611 1612 0
1612 1613 0
1613 1614 0
1614 1615 0
1615 1616 0
1616 1617 0
1617 1618 0
1618 1619 0
1619 1620 0
1620 1621 0
1621 1622 0
1622 1623 0
1623 1624 0
1624 1625 0
1625 1626 0
1626 1627 0
1627 1628 0
1628 1629 0
1629 1630 0
1630 1631 0
1631 1632 0
1632 1633 0
1633 1634 0
1634 1635 0
1635 1636 0
1636 1637 0
1637 1638 0
1638 1639 0
1639 1640 0
1640 1641 0
1641 1642 0
1642 1643 0
1643 1644 0
1644 1645 0
1645 1646 0
1646 1647 0
1647 1648 0
1648 1649 0
1649 1650 0
1650 1651 0
1651 1652 0
1652 1653 0
1653 1654 0
1654 1655 0
1655 1656 0
1656 1657 0
1657 1658 0
1658 1659 0
1659 1660 0
1660 1661 0
1661 1662 0
1662 1663 0
1663 1664 0
1664 1665 0
1665 1666 0
1666 1667 0
1667 1668 0
1668 1669 0
1669 1670 0
1670 1671 0
1671 1672 0
1672 1673 0
1673 1674 0
1674 1675 0
1675 1676 0
1676 1677 0
1677 1678 0
1678 1679 0
1679 1680 0
1680 1681 0
1681 1682 0
1682 1683 0
1683 1684 0
1684 1685 0
1685 1686 0
1686 1687 0
1687 1688 0
1688 1689 0
1689 1690 0
1690 1691 0
1691 1692 0
1692 1693 0
1693 1694 0
1694 1695 0
1695 1696 0
1696 1697 0
1697 1698 0
1698 1699 0
1699 1700 0
1700 1701 0
1701 1702 0
1702 1703 0
1703 1704 0
1704 1705 0
1705 1706 0
1706 1707 0
1707 1708 0
1708 1709 0
1709 1710 0
1710 1711 0
1711 1712 0
1712 1713 0
1713 1714 0
1714 1715 0
1715 1716 0
1716 1717 0
1717 1718 0
1718 1719 0
1719 1720 0
1720 1721 0
1721 1722 0
1722 1723 0
1723 1724 0
1724 1725 0
1725 1726 0
1726 1727 0
1727 1728 0
1728 1729 0
1729 1730 0
1730 1731 0
1731 1732 0
1732 1733 0
1733 1734 0
1734 1735 0
1735 1736 0
1736 1737 0
1737 1738 0
1738 1739 0
1739 1740 0
1740 1741 0
1741 1742 0
1742 1743 0
1743 1744 0
1744 1745 0
1745 1746 0
1746 1747 0
1747 1748 0
1748 1749 0
1749 1750 0
1750 1751 0
1751 1752 0
1752 1753 0
1753 1754 0
1754 1755 0
1755 1756 0
1756 1757 0
1757 1758 0
1758 1759 0
1759 1760 0
1760 1761 0
1761 1762 0
1762 1763 0
1763 1764 0
1764 1765 0
1765 1766 0
1766 1767 0
1767 1768 0
1768 1769 0
1769 1770 0
1770 1771 0
1771 1772 0
1772 1773 0
1773 1774 0
1774 1775 0
1775 1776 0
1776 1777 0
1777 1778 0
1778 1779 0
1779 1780 0
1780 1781 0
1781 1782 0
1782 1783 0
1783 1784 0
1784 1785 0
1785 1786 0
1786 1787 0
1787 1788 0
1788 1789 0
1789 1790 0
1790 1791 0
1791 1792 0
1792 1793 0
1793 1794 0
1794 1795 0
1795 1796 0
1796 1797 0
1797 1798 0
1798 1799 0
1799 1800 0
1800 1801 0
1801 1802 0
1802 1803 0
1803 1804 0
1804 1805 0
1805 1806 0
1806 1807 0
1807 1808 0
1808 1809 0
1809 1810 0
1810 1811 0
1811 1812 0
1812 1813 0
1813 1814 0
1814 1815 0
1815 1816 0
1816 1817 0
1817 1818 0
1818 1819 0
1819 1820 0
1820 1821 0
1821 1822 0
1822 1823 0
1823 1824 0
1824 1825 0
1825 1826 0
1826 1827 0
1827 1828 0
1828 1829 0
1829 1830 0
1830 1831 0
1831 1832 0
1832 1833 0
1833 1834 0
1834 1835 0
1835 1836 0
1836 1837 0
1837 1838 0
1838 1839 0
1839 1840 0
1840 1841 0
1841 1842 0
1842 1843 0
1843 1844 0
1844 1845 0
1845 1846 0
1846 1847 0
1847 1848 0
1848 1849 0
1849 1850 0
1850 1851 0
1851 1852 0
1852 1853 0
1853 1854 0
1854 1855 0
1855 1856 0
1856 1857 0
1857 1858 0
1858 1859 0
1859 1860 0
1860 1861 0
1861 1862 0
1862 1863 0
1863 1864 0
1864 1865 0
1865 1866 0
1866 1867 0
1867 1868 0
1868 1869 0
1869 1870 0
1870 1871 0
1871 1872 0
1872 1873 0
1873 1874 0
1874 1875 0
1875 1876 0
1876 1877 0
1877 1878 0
1878 1879 0
1879 1880 0
1880 1881 0
1881 1882 0
1882 1883 0
1883 1884 0
1884 1885 0
1885 1886 0
1886 1887 0
1887 1888 0
1888 1889 0
1889 1890 0
1890 1891 0
1891 1892 0
1892 1893 0
1893 1894 0
1894 1895 0
1895 1896 0
1896 1897 0
1897 1898 0
1898 1899 0
1899 1900 0
1900 1901 0
1901 1902 0
1902 1903 0
1903 1904 0
1904 1905 0
1905 1906 0
1906 1907 0
1907 1908 0
1908 1909 0
1909 1910 0
1910 1911 0
1911 1912 0
1912 1913 0
1913 1914 0
1914 1915 0
1915 1916 0
1916 1917 0
1917 1918 0
1918 1919 0
1919 1920 0
1920 1921 0
1921 1922 0
1922 1923 0
1923 1924 0
1924 1925 0
1925 1926 0
1926 1927 0
1927 1928 0
1928 1929 0
1929 1930 0
1930 1931 0
1931 1932 0
1932 1933 0
1933 1934 0
1934 1935 0
1935 1936 0
1936 1937 0
1937 1938 0
1938 1939 0
1939 1940 0
1940 1941 0
1941 1942 0
1942 1943 0
1943 1944 0
1944 1945 0
1945 1946 0
1946 1947 0
1947 1948 0
1948 1949 0
1949 1950 0
1950 1951 0
1951 1952 0
1952 1953 0
1953 1954 0
1954 1955 0
1955 1956 0
1956 1957 0
1957 1958 0
1958 1959 0
1959 1960 0
1960 1961 0
1961 1962 0
1962 1963 0
1963 1964 0
1964 1965 0
1965 1966 0
1966 1967 0
1967 1968 0
1968 1969 0
1969 1970 0
1970 1971 0
1971 1972 0
1972 1973 0
1973 1974 0
1974 1975 0
1975 1976 0
1976 1977 0
1977 1978 0
1978 1979 0
1979 1980 0
1980 1981 0
1981 1982 0
1982 1983 0
1983 1984 0
1984 1985 0
1985 1986 0
1986 1987 0
1987 1988 0
1988 1989 0
1989 1990 0
1990 1991 0
1991 1992 0
1992 1993 0
1993 1994 0
1994 1995 0
1995 1996 0
1996 1997 0
1997 1998 0
1998 1999 0
1999 2000 0
2000 2001 0
2001 2002 0
2002 2003 0
2003 2004 0
2004 2005 0
2005 2006 0
2006 2007 0
2007 2008 0
2008 2009 0
2009 2010 0
2010 2011 0
2011 2012 0
2012 2013 0
2013 2014 0
2014 2015 0
2015 2016 0
2016 2017 0
2017 2018 0
2018 2019 0
2019 2020 0
2020 2021 0
2021 2022 0
2022 2023 0
2023 2024 0
2024 2025 0
2025 2026 0
2026 2027 0
2027 2028 0
2028 2029 0
2029 2030 0
2030 2031 0
2031 2032 0
2032 2033 0
2033 2034 0
2034 2035 0
2035 2036 0
2036 2037 0
2037 2038 0
2038 2039 0
2039 2040 0
2040 2041 0
2041 2042 0
2042 2043 0
2043 2044 0
2044 2045 0
2045 2046 0
2046 2047 0
2047 2048 0
2048 2049 0
2049 2050 0
2050 2051 0
2051 2052 0
2052 2053 0
2053 2054 0
2054 2055 0
2055 2056 0
2056 2057 0
2057 2058 0
2058 2059 0
2059 2060 0
2060 2061 0
2061 2062 0
2062 2063 0
2063 2064 0
2064 2065 0
2065 2066 0
2066 2067 0
2067 2068 0
2068 2069 0
2069 2070 0
2070 2071 0
2071 2072 0
2072 2073 0
2073 2074 0
2074 2075 0
2075 2076 0
2076 2077 0
2077 2078 0
2078 2079 0
2079 2080 0
2080 2081 0
2081 2082 0
2082 2083 0
2083 2084 0
2084 2085 0
2085 2086 0
2086 2087 0
2087 2088 0
2088 2089 0
2089 2090 0
2090 2091 0
2091 2092 0
2092 2093 0
2093 2094 0
2094 2095 0
2095 2096 0
2096 2097 0
2097 2098 0
2098 2099 0
2099 2100 0
2100 2101 0
2101 2102 0
2102 2103 0
2103 2104 0
2104 2105 0
2105 2106 0
2106 2107 0
2107 2108 0
2108 2109 0
2109 2110 0
2110 2111 0
2111 2112 0
2112 2113 0
2113 2114 0
2114 2115 0
2115 2116 0
2116 2117 0
2117 2118 0
2118 2119 0
2119 2120 0
2120 2121 0
2121 2122 0
2122 2123 0
2123 2124 0
2124 2125 0
2125 2126 0
2126 2127 0
2127 2128 0
2128 2129 0
2129 2130 0
2130 2131 0
2131 2132 0
2132 2133 0
2133 2134 0
2134 2135 0
2135 2136 0
2136 2137 0
2137 2138 0
2138 2139 0
2139 2140 0
2140 2141 0
2141 2142 0
2142 2143 0
2143 2144 0
2144 2145 0
2145 2146 0
2146 2147 0
2147 2148 0
2148 2149 0
2149 2150 0
2150 2151 0
2151 2152 0
2152 2153 0
2153 2154 0
2154 2155 0
2155 2156 0
2156 2157 0
2157 2158 0
2158 2159 0
2159 2160 0
2160 2161 0
2161 2162 0
2162 2163 0
2163 2164 0
2164 2165 0
2165 2166 0
2166 2167 0
2167 2168 0
2168 2169 0
2169 2170 0
2170 2171 0
2171 2172 0
2172 2173 0
2173 2174 0
2174 2175 0
2175 2176 0
2176 2177 0
2177 2178 0
2178 2179 0
2179 2180 0
2180 2181 0
2181 2182 0
2182 2183 0
2183 2184 0
2184 2185 0
2185 2186 0
2186 2187 0
2187 2188 0
2188 2189 0
2189 2190 0
2190 2191 0
2191 2192 0
2192 2193 0
2193 2194 0
2194 2195 0
2195 2196 0
2196 2197 0
2197 2198 0
2198 2199 0
2199 2200 0
2200 2201 0
2201 2202 0
2202 2203 0
2203 2204 0
2204 2205 0
2205 2206 0
2206 2207 0
2207 2208 0
2208 2209 0
2209 2210 0
2210 2211 0
2211 2212 0
2212 2213 0
2213 2214 0
2214 2215 0
2215 2216 0
2216 2217 0
2217 2218 0
2218 2219 0
2219 2220 0
2220 2221 0
2221 2222 0
2222 2223 0
2223 2224 0
2224 2225 0
2225 2226 0
2226 2227 0
2227 2228 0
2228 2229 0
2229 2230 0
2230 2231 0
2231 2232 0
2232 2233 0
2233 2234 0
2234 2235 0
2235 2236 0
2236 2237 0
2237 2238 0
2238 2239 0
2239 2240 0
2240 2241 0
2241 2242 0
2242 2243 0
2243 2244 0
2244 2245 0
2245 2246 0
2246 2247 0
2247 2248 0
2248 2249 0
2249 2250 0
2250 2251 0
2251 2252 0
2252 2253 0
2253 2254 0
2254 2255 0
2255 2256 0
2256 2257 0
2257 2258 0
2258 2259 0
2259 2260 0
2260 2261 0
2261 2262 0
2262 2263 0
2263 2264 0
2264 2265 0
2265 2266 0
2266 2267 0
2267 2268 0
2268 2269 0
2269 2270 0
2270 2271 0
2271 2272 0
2272 2273 0
2273 2274 0
2274 2275 0
2275 2276 0
2276 2277 0
2277 2278 0
2278 2279 0
2279 2280 0
2280 2281 0
2281 2282 0
2282 2283 0
2283 2284 0
2284 2285 0
2285 2286 0
2286 2287 0
2287 2288 0
2288 2289 0
2289 2290 0
2290 2291 0
2291 2292 0
2292 2293 0
2293 2294 0
2294 2295 0
2295 2296 0
2296 2297 0
2297 2298 0
2298 2299 0
2299 2300 0
2300 2301 0
2301 2302 0
2302 2303 0
2303 2304 0
2304 2305 0
2305 2306 0
2306 2307 0
2307 2308 0
2308 2309 0
2309 2310 0
2310 2311 0
2311 2312 0
2312 2313 0
2313 2314 0
2314 2315 0
2315 2316 0
2316 2317 0
2317 2318 0
2318 2319 0
2319 2320 0
2320 2321 0
2321 2322 0
2322 2323 0
2323 2324 0
2324 2325 0
2325 2326 0
2326 2327 0
2327 2328 0
2328 2329 0
2329 2330 0
2330 2331 0
2331 2332 0
2332 2333 0
2333 2334 0
2334 2335 0
2335 2336 0
2336 2337 0
2337 2338 0
2338 2339 0
2339 2340 0
2340 2341 0
2341 2342 0
2342 2343 0
2343 2344 0
2344 2345 0
2345 2346 0
2346 2347 0
2347 2348 0
2348 2349 0
2349 2350 0
2350 2351 0
2351 2352 0
2352 2353 0
2353 2354 0
2354 2355 0
2355 2356 0
2356 2357 0
2357 2358 0
2358 2359 0
2359 2360 0
2360 2361 0
2361 2362 0
2362 2363 0
2363 2364 0
2364 2365 0
2365 2366 0
2366 2367 0
2367 2368 0
2368 2369 0
2369 2370 0
2370 2371 0
2371 2372 0
2372 2373 0
2373 2374 0
2374 2375 0
2375 2376 0
2376 2377 0
2377 2378 0
2378 2379 0
2379 2380 0
2380 2381 0
2381 2382 0
2382 2383 0
2383 2384 0
2384 2385 0
2385 2386 0
2386 2387 0
2387 2388 0
2388 2389 0
2389 2390 0
2390 2391 0
2391 2392 0
2392 2393 0
2393 2394 0
2394 2395 0
2395 2396 0
2396 2397 0
2397 2398 0
2398 2399 0
2399 2400 0
2400 2401 0
2401 2402 0
2402 2403 0
2403 2404 0
2404 2405 0
2405 2406 0
2406 2407 0
2407 2408 0
2408 2409 0
2409 2410 0
2410 2411 0
2411 2412 0
2412 2413 0
2413 2414 0
2414 2415 0
2415 2416 0
2416 2417 0
2417 2418 0
2418 2419 0
2419 2420 0
2420 2421 0
2421 2422 0
2422 2423 0
2423 2424 0
2424 2425 0
2425 2426 0
2426 2427 0
2427 2428 0
2428 2429 0
2429 2430 0
2430 2431 0
2431 2432 0
2432 2433 0
2433 2434 0
2434 2435 0
2435 2436 0
2436 2437 0
2437 2438 0
2438 2439 0
2439 2440 0
2440 2441 0
2441 2442 0
2442 2443 0
2443 2444 0
2444 2445 0
2445 2446 0
2446 2447 0
2447 2448 0
2448 2449 0
2449 2450 0
2450 2451 0
2451 2452 0
2452 2453 0
2453 2454 0
2454 2455 0
2455 2456 0
2456 2457 0
2457 2458 0
2458 2459 0
2459 2460 0
2460 2461 0
2461 2462 0
2462 2463 0
2463 2464 0
2464 2465 0
2465 2466 0
2466 2467 0
2467 2468 0
2468 2469 0
2469 2470 0
2470 2471 0
2471 2472 0
2472 2473 0
2473 2474 0
2474 2475 0
2475 2476 0
2476 2477 0
2477 2478 0
2478 2479 0
2479 2480 0
2480 2481 0
2481 2482 0
2482 2483 0
2483 2484 0
2484 2485 0
2485 2486 0
2486 2487 0
2487 2488 0
2488 2489 0
2489 2490 0
2490 2491 0
2491 2492 0
2492 2493 0
2493 2494 0
2494 2495 0
2495 2496 0
2496 2497 0
2497 2498 0
2498 2499 0
2499 2500 0
2500 2501 0
2501 2502 0
2502 2503 0
2503 2504 0
2504 2505 0
2505 2506 0
2506 2507 0
2507 2508 0
2508 2509 0
2509 2510 0
2510 2511 0
2511 2512 0
2512 2513 0
2513 2514 0
2514 2515 0
2515 2516 0
2516 2517 0
2517 2518 0
2518 2519 0
2519 2520 0
2520 2521 0
2521 2522 0
2522 2523 0
2523 2524 0
2524 2525 0
2525 2526 0
2526 2527 0
2527 2528 0
2528 2529 0
2529 2530 0
2530 2531 0
2531 2532 0
2532 2533 0
2533 2534 0
2534 2535 0
2535 2536 0
2536 2537 0
2537 2538 0
2538 2539 0
2539 2540 0
2540 2541 0
2541 2542 0
2542 2543 0
2543 2544 0
2544 2545 0
2545 2546 0
2546 2547 0
2547 2548 0
2548 2549 0
2549 2550 0
2550 2551 0
2551 2552 0
2552 2553 0
2553 2554 0
2554 2555 0
2555 2556 0
2556 2557 0
2557 2558 0
2558 2559 0
2559 2560 0
2560 2561 0
2561 2562 0
2562 2563 0
2563 2564 0
2564 2565 0
2565 2566 0
2566 2567 0
2567 2568 0
2568 2569 0
2569 2570 0
2570 2571 0
2571 2572 0
2572 2573 0
2573 2574 0
2574 2575 0
2575 2576 0
2576 2577 0
2577 2578 0
2578 2579 0
2579 2580 0
2580 2581 0
2581 2582 0
2582 2583 0
2583 2584 0
2584 2585 0
2585 2586 0
2586 2587 0
2587 2588 0
2588 2589 0
2589 2590 0
2590 2591 0
2591 2592 0
2592 2593 0
2593 2594 0
2594 2595 0
2595 2596 0
2596 2597 0
2597 2598 0
2598 2599 0
2599 2600 0
2600 2601 0
2601 2602 0
2602 2603 0
2603 2604 0
2604 2605 0
2605 2606 0
2606 2607 0
2607 2608 0
2608 2609 0
2609 2610 0
2610 2611 0
2611 2612 0
2612 2613 0
2613 2614 0
2614 2615 0
2615 2616 0
2616 2617 0
2617 2618 0
2618 2619 0
2619 2620 0
2620 2621 0
2621 2622 0
2622 2623 0
2623 2624 0
2624 2625 0
2625 2626 0
2626 2627 0
2627 2628 0
2628 2629 0
2629 2630 0
2630 2631 0
2631 2632 0
2632 2633 0
2633 2634 0
2634 2635 0
2635 2636 0
2636 2637 0
2637 2638 0
2638 2639 0
2639 2640 0
2640 2641 0
2641 2642 0
2642 2643 0
2643 2644 0
2644 2645 0
2645 2646 0
2646 2647 0
2647 2648 0
2648 2649 0
2649 2650 0
2650 2651 0
2651 2652 0
2652 2653 0
2653 2654 0
2654 2655 0
2655 2656 0
2656 2657 0
2657 2658 0
2658 2659 0
2659 2660 0
2660 2661 0
2661 2662 0
2662 2663 0
2663 2664 0
2664 2665 0
2665 2666 0
2666 2667 0
2667 2668 0
2668 2669 0
2669 2670 0
2670 2671 0
2671 2672 0
2672 2673 0
2673 2674 0
2674 2675 0
2675 2676 0
2676 2677 0
2677 2678 0
2678 2679 0
2679 2680 0
2680 2681 0
2681 2682 0
2682 2683 0
2683 2684 0
2684 2685 0
2685 2686 0
2686 2687 0
2687 2688 0
2688 2689 0
2689 2690 0
2690 2691 0
2691 2692 0
2692 2693 0
2693 2694 0
2694 2695 0
2695 2696 0
2696 2697 0
2697 2698 0
2698 2699 0
2699 2700 0
2700 2701 0
2701 2702 0
2702 2703 0
2703 2704 0
2704 2705 0
2705 2706 0
2706 2707 0
2707 2708 0
2708 2709 0
2709 2710 0
2710 2711 0
2711 2712 0
2712 2713 0
2713 2714 0
2714 2715 0
2715 2716 0
2716 2717 0
2717 2718 0
2718 2719 0
2719 2720 0
2720 2721 0
2721 2722 0
2722 2723 0
2723 2724 0
2724 2725 0
2725 2726 0
2726 2727 0
2727 2728 0
2728 2729 0
2729 2730 0
2730 2731 0
2731 2732 0
2732 2733 0
2733 2734 0
2734 2735 0
2735 2736 0
2736 2737 0
2737 2738 0
2738 2739 0
2739 2740 0
2740 2741 0
2741 2742 0
2742 2743 0
2743 2744 0
2744 2745 0
2745 2746 0
2746 2747 0
2747 2748 0
2748 2749 0
2749 2750 0
2750 2751 0
2751 2752 0
2752 2753 0
2753 2754 0
2754 2755 0
2755 2756 0
2756 2757 0
2757 2758 0
2758 2759 0
2759 2760 0
2760 2761 0
2761 2762 0
2762 2763 0
2763 2764 0
2764 2765 0
2765 2766 0
2766 2767 0
2767 2768 0
2768 2769 0
2769 2770 0
2770 2771 0
2771 2772 0
2772 2773 0
2773 2774 0
2774 2775 0
2775 2776 0
2776 2777 0
2777 2778 0
2778 2779 0
2779 2780 0
2780 2781 0
2781 2782 0
2782 2783 0
2783 2784 0
2784 2785 0
2785 2786 0
2786 2787 0
2787 2788 0
2788 2789 0
2789 2790 0
2790 2791 0
2791 2792 0
2792 2793 0
2793 2794 0
2794 2795 0
2795 2796 0
2796 2797 0
2797 2798 0
2798 2799 0
2799 2800 0
2800 2801 0
2801 2802 0
2802 2803 0
2803 2804 0
2804 2805 0
2805 2806 0
2806 2807 0
2807 2808 0
2808 2809 0
2809 2810 0
2810 2811 0
2811 2812 0
2812 2813 0
2813 2814 0
2814 2815 0
2815 2816 0
2816 2817 0
2817 2818 0
2818 2819 0
2819 2820 0
2820 2821 0
2821 2822 0
2822 2823 0
2823 2824 0
2824 2825 0
2825 2826 0
2826 2827 0
2827 2828 0
2828 2829 0
2829 2830 0
2830 2831 0
2831 2832 0
2832 2833 0
2833 2834 0
2834 2835 0
2835 2836 0
2836 2837 0
2837 2838 0
2838 2839 0
2839 2840 0
2840 2841 0
2841 2842 0
2842 2843 0
2843 2844 0
2844 2845 0
2845 2846 0
2846 2847 0
2847 2848 0
2848 2849 0
2849 2850 0
2850 2851 0
2851 2852 0
2852 2853 0
2853 2854 0
2854 2855 0
2855 2856 0
2856 2857 0
2857 2858 0
2858 2859 0
2859 2860 0
2860 2861 0
2861 2862 0
2862 2863 0
2863 2864 0
2864 2865 0
2865 2866 0
2866 2867 0
2867 2868 0
2868 2869 0
2869 2870 0
2870 2871 0
2871 2872 0
2872 2873 0
2873 2874 0
2874 2875 0
2875 2876 0
2876 2877 0
2877 2878 0
2878 2879 0
2879 2880 0
2880 2881 0
2881 2882 0
2882 2883 0
2883 2884 0
2884 2885 0
2885 2886 0
2886 2887 0
2887 2888 0
2888 2889 0
2889 2890 0
2890 2891 0
2891 2892 0
2892 2893 0
2893 2894 0
2894 2895 0
2895 2896 0
2896 2897 0
2897 2898 0
2898 2899 0
2899 2900 0
2900 2901 0
2901 2902 0
2902 2903 0
2903 2904 0
2904 2905 0
2905 2906 0
2906 2907 0
2907 2908 0
2908 2909 0
2909 2910 0
2910 2911 0
2911 2912 0
2912 2913 0
2913 2914 0
2914 2915 0
2915 2916 0
2916 2917 0
2917 2918 0
2918 2919 0
2919 2920 0
2920 2921 0
2921 2922 0
2922 2923 0
2923 2924 0
2924 2925 0
2925 2926 0
2926 2927 0
2927 2928 0
2928 2929 0
2929 2930 0
2930 2931 0
2931 2932 0
2932 2933 0
2933 2934 0
2934 2935 0
2935 2936 0
2936 2937 0
2937 2938 0
2938 2939 0
2939 2940 0
2940 2941 0
2941 2942 0
2942 2943 0
2943 2944 0
2944 2945 0
2945 2946 0
2946 2947 0
2947 2948 0
2948 2949 0
2949 2950 0
2950 2951 0
2951 2952 0
2952 2953 0
2953 2954 0
2954 2955 0
2955 2956 0
2956 2957 0
2957 2958 0
2958 2959 0
2959 2960 0
2960 2961 0
2961 2962 0
2962 2963 0
2963 2964 0
2964 2965 0
2965 2966 0
2966 2967 0
2967 2968 0
2968 2969 0
2969 2970 0
2970 2971 0
2971 2972 0
2972 2973 0
2973 2974 0
2974 2975 0
2975 2976 0
2976 2977 0
2977 2978 0
2978 2979 0
2979 2980 0
2980 2981 0
2981 2982 0
2982 2983 0
2983 2984 0
2984 2985 0
2985 2986 0
2986 2987 0
2987 2988 0
2988 2989 0
2989 2990 0
2990 2991 0
2991 2992 0
2992 2993 0
2993 2994 0
2994 2995 0
2995 2996 0
2996 2997 0
2997 2998 0
2998 2999 0
2999 3000 0
3000 3001 0
3001 3002 0
3002 3003 0
3003 3004 0
3004 3005 0
3005 3006 0
3006 3007 0
3007 3008 0
3008 3009 0
3009 3010 0
3010 3011 0
3011 3012 0
3012 3013 0
3013 3014 0
3014 3015 0
3015 3016 0
3016 3017 0
3017 3018 0
3018 3019 0
3019 3020 0
3020 3021 0
3021 3022 0
3022 3023 0
3023 3024 0
3024 3025 0
3025 3026 0
3026 3027 0
3027 3028 0
3028 3029 0
3029 3030 0
3030 3031 0
3031 3032 0
3032 3033 0
3033 3034 0
3034 3035 0
3035 3036 0
3036 3037 0
3037 3038 0
3038 3039 0
3039 3040 0
3040 3041 0
3041 3042 0
3042 3043 0
3043 3044 0
3044 3045 0
3045 3046 0
3046 3047 0
3047 3048 0
3048 3049 0
3049 3050 0
3050 3051 0
3051 3052 0
3052 3053 0
3053 3054 0
3054 3055 0
3055 3056 0
3056 3057 0
3057 3058 0
3058 3059 0
3059 3060 0
3060 3061 0
3061 3062 0
3062 3063 0
3063 3064 0
3064 3065 0
3065 3066 0
3066 3067 0
3067 3068 0
3068 3069 0
3069 3070 0
3070 3071 0
3071 3072 0
3072 3073 0
3073 3074 0
3074 3075 0
3075 3076 0
3076 3077 0
3077 3078 0
3078 3079 0
3079 3080 0
3080 3081 0
3081 3082 0
3082 3083 0
3083 3084 0
3084 3085 0
3085 3086 0
3086 3087 0
3087 3088 0
3088 3089 0
3089 3090 0
3090 3091 0
3091 3092 0
3092 3093 0
3093 3094 0
3094 3095 0
3095 3096 0
3096 3097 0
3097 3098 0
3098 3099 0
3099 3100 0
3100 3101 0
3101 3102 0
3102 3103 0
3103 3104 0
3104 3105 0
3105 3106 0
3106 3107 0
3107 3108 0
3108 3109 0
3109 3110 0
3110 3111 0
3111 3112 0
3112 3113 0
3113 3114 0
3114 3115 0
3115 3116 0
3116 3117 0
3117 3118 0
3118 3119 0
3119 3120 0
3120 3121 0
3121 3122 0
3122 3123 0
3123 3124 0
3124 3125 0
3125 3126 0
3126 3127 0
3127 3128 0
3128 3129 0
3129 3130 0
3130 3131 0
3131 3132 0
3132 3133 0
3133 3134 0
3134 3135 0
3135 3136 0
3136 3137 0
3137 3138 0
3138 3139 0
3139 3140 0
3140 3141 0
3141 3142 0
3142 3143 0
3143 3144 0
3144 3145 0
3145 3146 0
3146 3147 0
3147 3148 0
3148 3149 0
3149 3150 0
3150 3151 0
3151 3152 0
3152 3153 0
3153 3154 0
3154 3155 0
3155 3156 0
3156 3157 0
3157 3158 0
3158 3159 0
3159 3160 0
3160 3161 0
3161 3162 0
3162 3163 0
3163 3164 0
3164 3165 0
3165 3166 0
3166 3167 0
3167 3168 0
3168 3169 0
3169 3170 0
3170 3171 0
3171 3172 0
3172 3173 0
3173 3174 0
3174 3175 0
3175 3176 0
3176 3177 0
3177 3178 0
3178 3179 0
3179 3180 0
3180 3181 0
3181 3182 0
3182 3183 0
3183 3184 0
3184 3185 0
3185 3186 0
3186 3187 0
3187 3188 0
3188 3189 0
3189 3190 0
3190 3191 0
3191 3192 0
3192 3193 0
3193 3194 0
3194 3195 0
3195 3196 0
3196 3197 0
3197 3198 0
3198 3199 0
3199 3200 0
3200 3201 0
3201 3202 0
3202 3203 0
3203 3204 0
3204 3205 0
3205 3206 0
3206 3207 0
3207 3208 0
3208 3209 0
3209 3210 0
3210 3211 0
3211 3212 0
3212 3213 0
3213 3214 0
3214 3215 0
3215 3216 0
3216 3217 0
3217 3218 0
3218 3219 0
3219 3220 0
3220 3221 0
3221 3222 0
3222 3223 0
3223 3224 0
3224 3225 0
3225 3226 0
3226 3227 0
3227 3228 0
3228 3229 0
3229 3230 0
3230 3231 0
3231 3232 0
3232 3233 0
3233 3234 0
3234 3235 0
3235 3236 0
3236 3237 0
3237 3238 0
3238 3239 0
3239 3240 0
3240 3241 0
3241 3242 0
3242 3243 0
3243 3244 0
3244 3245 0
3245 3246 0
3246 3247 0
3247 3248 0
3248 3249 0
3249 3250 0
3250 3251 0
3251 3252 0
3252 3253 0
3253 3254 0
3254 3255 0
3255 3256 0
3256 3257 0
3257 3258 0
3258 3259 0
3259 3260 0
3260 3261 0
3261 3262 0
3262 3263 0
3263 3264 0
3264 3265 0
3265 3266 0
3266 3267 0
3267 3268 0
3268 3269 0
3269 3270 0
3270 3271 0
3271 3272 0
3272 3273 0
3273 3274 0
3274 3275 0
3275 3276 0
3276 3277 0
3277 3278 0
3278 3279 0
3279 3280 0
3280 3281 0
3281 3282 0
3282 3283 0
3283 3284 0
3284 3285 0
3285 3286 0
3286 3287 0
3287 3288 0
3288 3289 0
3289 3290 0
3290 3291 0
3291 3292 0
3292 3293 0
3293 3294 0
3294 3295 0
3295 3296 0
3296 3297 0
3297 3298 0
3298 3299 0
3299 3300 0
3300 3301 0
3301 3302 0
3302 3303 0
3303 3304 0
3304 3305 0
3305 3306 0
3306 3307 0
3307 3308 0
3308 3309 0
3309 3310 0
3310 3311 0
3311 3312 0
3312 3313 0
3313 3314 0
3314 3315 0
3315 3316 0
3316 3317 0
3317 3318 0
3318 3319 0
3319 3320 0
3320 3321 0
3321 3322 0
3322 3323 0
3323 3324 0
3324 3325 0
3325 3326 0
3326 3327 0
3327 3328 0
3328 3329 0
3329 3330 0
3330 3331 0
3331 3332 0
3332 3333 0
3333 3334 0
3334 3335 0
3335 3336 0
3336 3337 0
3337 3338 0
3338 3339 0
3339 3340 0
3340 3341 0
3341 3342 0
3342 3343 0
3343 3344 0
3344 3345 0
3345 3346 0
3346 3347 0
3347 3348 0
3348 3349 0
3349 3350 0
3350 3351 0
3351 3352 0
3352 3353 0
3353 3354 0
3354 3355 0
3355 3356 0
3356 3357 0
3357 3358 0
3358 3359 0
3359 3360 0
3360 3361 0
3361 3362 0
3362 3363 0
3363 3364 0
3364 3365 0
3365 3366 0
3366 3367 0
3367 3368 0
3368 3369 0
3369 3370 0
3370 3371 0
3371 3372 0
3372 3373 0
3373 3374 0
3374 3375 0
3375 3376 0
3376 3377 0
3377 3378 0
3378 3379 0
3379 3380 0
3380 3381 0
3381 3382 0
3382 3383 0
3383 3384 0
3384 3385 0
3385 3386 0
3386 3387 0
3387 3388 0
3388 3389 0
3389 3390 0
3390 3391 0
3391 3392 0
3392 3393 0
3393 3394 0
3394 3395 0
3395 3396 0
3396 3397 0
3397 3398 0
3398 3399 0
3399 3400 0
3400 3401 0
3401 3402 0
3402 3403 0
3403 3404 0
3404 3405 0
3405 3406 0
3406 3407 0
3407 3408 0
3408 3409 0
3409 3410 0
3410 3411 0
3411 3412 0
3412 3413 0
3413 3414 0
3414 3415 0
3415 3416 0
3416 3417 0
3417 3418 0
3418 3419 0
3419 3420 0
3420 3421 0
3421 3422 0
3422 3423 0
3423 3424 0
3424 3425 0
3425 3426 0
3426 3427 0
3427 3428 0
3428 3429 0
3429 3430 0
3430 3431 0
3431 3432 0
3432 3433 0
3433 3434 0
3434 3435 0
3435 3436 0
3436 3437 0
3437 3438 0
3438 3439 0
3439 3440 0
3440 3441 0
3441 3442 0
3442 3443 0
3443 3444 0
3444 3445 0
3445 3446 0
3446 3447 0
3447 3448 0
3448 3449 0
3449 3450 0
3450 3451 0
3451 3452 0
3452 3453 0
3453 3454 0
3454 3455 0
3455 3456 0
3456 3457 0
3457 3458 0
3458 3459 0
3459 3460 0
3460 3461 0
3461 3462 0
3462 3463 0
3463 3464 0
3464 3465 0
3465 3466 0
3466 3467 0
3467 3468 0
3468 3469 0
3469 3470 0
3470 3471 0
3471 3472 0
3472 3473 0
3473 3474 0
3474 3475 0
3475 3476 0
3476 3477 0
3477 3478 0
3478 3479 0
3479 3480 0
3480 3481 0
3481 3482 0
3482 3483 0
3483 3484 0
3484 3485 0
3485 3486 0
3486 3487 0
3487 3488 0
3488 3489 0
3489 3490 0
3490 3491 0
3491 3492 0
3492 3493 0
3493 3494 0
3494 3495 0
3495 3496 0
3496 3497 0
3497 3498 0
3498 3499 0
3499 3500 0
3500 3501 0
3501 3502 0
3502 3503 0
3503 3504 0
3504 3505 0
3505 3506 0
3506 3507 0
3507 3508 0
3508 3509 0
3509 3510 0
3510 3511 0
3511 3512 0
3512 3513 0
3513 3514 0
3514 3515 0
3515 3516 0
3516 3517 0
3517 3518 0
3518 3519 0
3519 3520 0
3520 3521 0
3521 3522 0
3522 3523 0
3523 3524 0
3524 3525 0
3525 3526 0
3526 3527 0
3527 3528 0
3528 3529 0
3529 3530 0
3530 3531 0
3531 3532 0
3532 3533 0
3533 3534 0
3534 3535 0
3535 3536 0
3536 3537 0
3537 3538 0
3538 3539 0
3539 3540 0
3540 3541 0
3541 3542 0
3542 3543 0
3543 3544 0
3544 3545 0
3545 3546 0
3546 3547 0
3547 3548 0
3548 3549 0
3549 3550 0
3550 3551 0
3551 3552 0
3552 3553 0
3553 3554 0
3554 3555 0
3555 3556 0
3556 3557 0
3557 3558 0
3558 3559 0
3559 3560 0
3560 3561 0
3561 3562 0
3562 3563 0
3563 3564 0
3564 3565 0
3565 3566 0
3566 3567 0
3567 3568 0
3568 3569 0
3569 3570 0
3570 3571 0
3571 3572 0
3572 3573 0
3573 3574 0
3574 3575 0
3575 3576 0
3576 3577 0
3577 3578 0
3578 3579 0
3579 3580 0
3580 3581 0
3581 3582 0
3582 3583 0
3583 3584 0
3584 3585 0
3585 3586 0
3586 3587 0
3587 3588 0
3588 3589 0
3589 3590 0
3590 3591 0
3591 3592 0
3592 3593 0
3593 3594 0
3594 3595 0
3595 3596 0
3596 3597 0
3597 3598 0
3598 3599 0
3599 3600 0
3600 3601 0
3601 3602 0
3602 3603 0
3603 3604 0
3604 3605 0
3605 3606 0
3606 3607 0
3607 3608 0
3608 3609 0
3609 3610 0
3610 3611 0
3611 3612 0
3612 3613 0
3613 3614 0
3614 3615 0
3615 3616 0
3616 3617 0
3617 3618 0
3618 3619 0
3619 3620 0
3620 3621 0
3621 3622 0
3622 3623 0
3623 3624 0
3624 3625 0
3625 3626 0
3626 3627 0
3627 3628 0
3628 3629 0
3629 3630 0
3630 3631 0
3631 3632 0
3632 3633 0
3633 3634 0
3634 3635 0
3635 3636 0
3636 3637 0
3637 3638 0
3638 3639 0
3639 3640 0
3640 3641 0
2757 1518 0
2262 2632 0
299 3580 0
1431 1547 0
697 2928 0
2352 3077 0
259 3414 0
2934 1270 0
2155 121 0
135 3224 0
638 273 0
28 1002 0
973 1492 0
672 308 0
2457 847 0
2200 1570 0
2365 818 0
558 2661 0
756 1989 0
564 1452 0
1273 2915 0
885 1531 0
2685 176 0
2799 1198 0
294 2933 0
779 931 0
3204 806 0
1933 535 0
2295 2602 0
842 1108 0
3448 3041 0
2678 2171 0
216 3233 0
1188 971 0
1578 1751 0
2421 2849 0
1022 3305 0
738 66 0
3478 3534 0
1261 131 0
2824 2037 0
1061 2386 0
2842 2991 0
2918 1496 0
1951 118 0
2603 1758 0
3156 1637 0
285 3371 0
1227 1473 0
699 2804 0
3221 3117 0
2011 602 0
2778 2747 0
665 2615 0
2637 1923 0
2745 1817 0
319 162 0
559 3158 0
3153 3476 0
1010 1462 0
3591 3611 0
3217 3106 0
1606 3502 0
2833 2830 0
1331 3529 0
1991 908 0
3004 358 0
1507 2141 0
3102 2171 0
1112 2098 0
451 215 0
271 769 0
374 830 0
285 3526 0
664 1295 0
1345 614 0
1262 918 0
76 2865 0
776 2906 0
2054 2106 0
2794 403 0
3012 2154 0
760 877 0
653 219 0
3048 1762 0
2316 3496 0
1974 2586 0
623 2348 0
3413 905 0
2232 436 0
2197 3574 0
1047 3458 0
851 1120 0
2682 1626 0
384 1094 0
89 3177 0
1494 3100 0
1688 2251 0
335 2340 0
2469 3380 0
461 1141 0
3234 2434 0
84 213 0
1138 3496 0
1118 3368 0
288 3312 0
3300 1332 0
3129 507 0
2451 2167 0
2131 2835 0
3258 2219 0
2368 1110 0
1675 414 0
3358 2007 0
2752 2184 0
1746 3210 0
3322 1336 0
2000 3403 0
1547 3138 0
3258 2662 0
2864 3543 0
2332 2520 0
1234 1817 0
3027 41 0
342 1516 0
2875 3599 0
91 1600 0
1065 1765 0
2013 780 0
130 1121 0
2963 1873 0
689 2641 0
3207 2687 0
2403 1112 0
2183 2017 0
130 1403 0
1918 2461 0
281 3149 0
637 3305 0
3190 976 0
1179 2421 0
934 1267 0
379 1996 0
3031 2392 0
2775 3159 0
3510 2094 0
1388 558 0
1094 953 0
3244 3494 0
2062 1783 0
1869 2191 0
3185 145 0
1009 3463 0
3292 1643 0
3127 2840 0
2618 662 0
1619 3549 0
1927 1998 0
1904 1314 0
746 1035 0
831 614 0
3127 2217 0
1169 577 0
3167 769 0
429 1588 0
2551 2297 0
135 2092 0
2439 1141 0
1912 2089 0
2783 1395 0
1285 1758 0
2054 2904 0
1665 339 0
1258 3566 0
1653 2003 0
960 2481 0
2614 445 0
1056 140 0
1021 582 0
908 1447 0
2167 3457 0
102 2299 0
1905 2538 0
3440 175 0
986 2579 0
1569 2268 0
695 3621 0
1530 2360 0
318 2785 0
2284 1970 0
1144 3241 0
810 117 0
42 1863 0
256 1060 0
2442 1161 0
2506 967 0
976 2605 0
3264 2879 0
1502 3062 0
3053 2485 0
1997 979 0
1111 2692 0
958 2639 0
1408 1275 0
1782 48 0
3243 2926 0
3289 409 0
3040 3330 0
2269 3293 0
749 1070 0
812 3252 0
2036 1786 0
2216 1658 0
1023 76 0
1076 432 0
2558 3073 0
1410 27 0
2121 2365 0
2663 3528 0
3638 804 0
3575 3239 0
86 3220 0
4 3125 0
2907 2272 0
2776 12 0
3341 3585 0
3263 1734 0
1729 1837 0
3389 2751 0
1910 824 0
3183 826 0
253 949 0
851 2371 0
3314 3513 0
2257 3310 0
673 2188 0
2905 758 0
1767 2908 0
239 1030 0
1536 3014 0
1041 1236 0
2958 662 0
2967 1043 0
2497 2714 0
153 765 0
3535 3333 0
1589 146 0
640 2437 0
2516 310 0
2306 1129 0
3619 2979 0
3317 2880 0
93 1440 0
2146 332 0
2469 41 0
3343 3509 0
1274 2659 0
527 599 0
61 3023 0
3312 211 0
145 3206 0
3543 1731 0
3349 539 0
526 2222 0
849 2831 0
3348 824 0
2166 3021 0
63 2259 0
819 2206 0
2588 3285 0
2244 2289 0
3150 3515 0
1305 34 0
472 1363 0
3056 141 0
1571 3198 0
3344 1470 0
1287 3049 0
2008 1810 0
1627 2854 0
998 1334 0
35 3163 0
713 97 0
1778 1530 0
2300 724 0
1171 901 0
3011 680 0
774 672 0
713 1246 0
2034 125 0
1384 3604 0
3323 1086 0
1432 966 0
491 3437 0
2774 2118 0
2650 130 0
3451 2684 0
3290 520 0
2778 1427 0
2049 1434 0
2148 3220 0
2334 1515 0
256 3108 0
2186 966 0
710 576 0
1090 2093 0
536 769 0
3176 1965 0
1733 23 0
1761 865 0
2140 767 0
992 1947 0
3448 640 0
2465 2582 0
2064 872 0
374 571 0
448 2708 0
2083 701 0
2172 628 0
1666 2881 0
1201 2754 0
1330 1737 0
3522 862 0
60 1611 0
884 1818 0
2475 3022 0
2584 3466 0
1325 2388 0
463 148 0
1328 2526 0
1018 1700 0
3096 1463 0
764 1536 0
2164 2935 0
2163 186 0
2172 3361 0
2939 3499 0
1456 2818 0
717 1516 0
787 1598 0
3331 3260 0
978 2274 0
3082 2303 0
1018 3544 0
2448 2346 0
2429 3465 0
404 1881 0
1287 1165 0
3416 3450 0
458 1935 0
3635 2627 0
1655 2931 0
2484 3108 0
2107 3198 0
980 2891 0
1154 670 0
2509 2130 0
2943 1950 0
789 319 0
1850 3236 0
2662 635 0
3060 3063 0
2516 705 0
586 2288 0
511 1041 0
580 502 0
26 2232 0
3432 2507 0
1698 1895 0
2063 2678 0
1145 3217 0
3347 10 0
1705 2646 0
1957 2493 0
2962 166 0
2085 1983 0
800 1503 0
1402 3313 0
2205 1988 0
1958 2713 0
3026 2537 0
3215 3052 0
1127 3003 0
1917 2824 0
1255 337 0
1858 2397 0
3551 1563 0
2406 1614 0
567 722 0
463 3527 0
885 2547 0
1868 1682 0
407 3267 0
1354 2611 0
1611 3311 0
1683 996 0
2204 1254 0
406 3328 0
613 2320 0
2510 1867 0
2654 727 0
622 2563 0
2287 3026 0
535 2852 0
106 995 0
2737 990 0
3542 961 0
2671 307 0
586 381 0
2915 2197 0
48 954 0
3192 2249 0
2205 3595 0
1935 2818 0
2271 804 0
1041 1284 0
1528 1661 0
205 173 0
1045 738 0
3022 1148 0
1732 2117 0
2135 1630 0
3077 1162 0
1934 22 0
1541 1208 0
2216 1588 0
2161 1766 0
196 725 0
1717 2128 0
3540 346 0
2931 937 0
1629 815 0
2597 1834 0
986 3639 0
2571 366 0
1145 659 0
2483 3277 0
2289 1916 0
798 581 0
1937 2338 0
1788 511 0
282 306 0
2274 475 0
1028 349 0
2603 924 0
695 1890 0
1860 2321 0
2703 816 0
513 47 0
811 3081 0
410 1954 0
99 2890 0
1589 2385 0
1165 2384 0
2965 3101 0
1078 1110 0
3610 1360 0
1413 2240 0
1832 2440 0
2589 791 0
3363 3281 0
2681 1581 0
1960 1740 0
2394 2471 0
1786 3205 0
1908 2193 0
1517 2004 0
1442 3103 0
747 2606 0
1846 69 0
2063 2923 0
1178 2029 0
639 2590 0
628 2469 0
1386 3214 0
3259 1105 0
2853 2296 0
2685 1169 0
394 1436 0
3637 2177 0
997 1904 0
729 2511 0
266 2170 0
1972 1011 0
1134 174 0
1079 3194 0
3095 2256 0
1582 92 0
1202 2209 0
2558 2585 0
1781 2176 0
48 990 0
828 2732 0
2156 1222 0
524 2152 0
3398 1520 0
412 483 0
389 675 0
2652 2359 0
1685 142 0
2532 2763 0
3336 1985 0
1375 1274 0
2075 2574 0
3482 991 0
1517 1619 0
3164 1564 0
2606 351 0
653 1118 0
1570 1176 0
3269 1326 0
2694 37 0
1807 3080 0
712 817 0
1797 2396 0
957 686 0
1516 649 0
2670 2890 0
1922 1103 0
1821 1762 0
2092 3337 0
3378 1614 0
1260 2342 0
1964 1910 0
3457 3531 0
1214 2135 0
3119 3020 0
1574 189 0
193 3368 0
2583 1149 0
412 457 0
1797 3080 0
3344 77 0
539 1523 0
1836 2630 0
1217 1572 0
603 2474 0
270 2564 0
742 86 0
2454 183 0
3168 26 0
2318 2643 0
3043 248 0
2832 3235 0
3615 1771 0
743 384 0
2227 2537 0
3463 1927 0
2614 360 0
3448 806 0
2988 1023 0
2376 3590 0
3494 2643 0
2510 594 0
2726 1320 0
776 2250 0
1343 3093 0
1252 744 0
3338 442 0
336 3312 0
2212 1078 0
52 795 0
3612 3514 0
2719 2582 0
230 2525 0
3388 3217 0
3545 2122 0
3163 3397 0
1121 2030 0
347 206 0
3349 1123 0
2455 1049 0
572 65 0
1790 269 0
504 2125 0
3578 2715 0
3200 3629 0
3507 3171 0
3499 2585 0
2111 85 0
1466 1855 0
3302 1368 0
333 2821 0
1121 1454 0
1209 1468 0
1659 915 0
2588 470 0
1963 3159 0
535 109 0
3425 1038 0
2234 3361 0
110 1790 0
3346 3616 0
1317 3201 0
2559 3428 0
3286 382 0
1639 2944 0
1749 1972 0
2123 2869 0
3425 3332 0
695 1440 0
605 3282 0
1909 2565 0
2798 2441 0
2673 2581 0
3479 1263 0
2299 3586 0
3053 2001 0
3560 726 0
1561 2476 0
512 1203 0
2857 2149 0
505 962 0
479 2625 0
189 260 0
2315 882 0
1697 2917 0
520 3605 0
1840 3315 0
2403 870 0
2253 2238 0
2132 910 0
2182 1541 0
2910 2100 0
2267 827 0
932 2776 0
2027 145 0
1283 2531 0
1106 1759 0
1515 1293 0
2018 186 0
2174 73 0
3103 2691 0
35 1299 0
2363 2435 0
2168 974 0
1031 657 0
1883 3212 0
2197 1149 0
1668 820 0
1974 2600 0
3594 359 0
2744 1235 0
2888 209 0
2992 759 0
1499 1366 0
944 29 0
1437 403 0
2719 1471 0
1702 1440 0
262 228 0
2413 1292 0
884 652 0
862 3079 0
1799 2527 0
257 131 0
1485 209 0
489 586 0
1442 3374 0
491 2290 0
2155 1435 0
2318 3591 0
1835 1393 0
1418 3536 0
2831 1679 0
123 1602 0
2970 1004 0
2252 188 0
441 409 0
2715 696 0
539 556 0
902 1025 0
1141 2341 0
758 1930 0
3130 1246 0
578 1644 0
2680 2893 0
1593 872 0
645 3011 0
766 3475 0
1048 886 0
1433 375 0
1890 41 0
562 2328 0
449 3274 0
3021 985 0
189 282 0
2010 1327 0
2622 2765 0
3257 2111 0
369 191 0
113 3047 0
3082 1705 0
277 85 0
1072 1042 0
3557 2120 0
1926 1346 0
2494 174 0
1387 3053 0
2499 1835 0
2684 1879 0
2820 2872 0
2160 1186 0
555 1138 0
309 168 0
3248 675 0
357 3358 0
80 3438 0
1420 356 0
3520 2491 0
1396 3435 0
969 3321 0
1139 3460 0
3492 2525 0
2870 2349 0
719 1912 0
584 3536 0
1140 2741 0
1080 1694 0
238 1386 0
1860 3483 0
2060 2216 0
3198 2138 0
2010 976 0
2493 1888 0
3466 245 0
1681 792 0
3563 2817 0
608 3411 0
1699 3477 0
2117 2415 0
1747 2700 0
2309 2886 0
1800 3386 0
937 2035 0
1130 2794 0
1876 3187 0
1366 1432 0
1683 3375 0
2405 533 0
1621 2230 0
775 3299 0
3019 697 0
2472 3626 0
466 529 0
3462 2582 0
2943 1565 0
1639 1608 0
810 3438 0
1352 1744 0
1831 2479 0
896 63 0
2025 2261 0
1493 66 0
1994 256 0
596 3612 0
2483 1371 0
3267 1860 0
2067 2095 0
1843 2530 0
2624 1663 0
1469 1923 0
3227 3107 0
3531 393 0
2901 1241 0
2136 1088 0
77 3031 0
1150 2101 0
1648 2640 0
2164 3639 0
2894 2758 0
3609 1735 0
487 3232 0
3593 2551 0
1686 1794 0
1439 666 0
3456 2905 0
2586 3039 0
2370 2475 0
3430 1627 0
73 1924 0
2714 149 0
1312 221 0
2247 2957 0
2860 767 0
2955 2112 0
3524 2922 0
204 369 0
2511 155 0
2917 553 0
1946 713 0
1216 1758 0
3617 160 0
1155 2344 0
2635 943 0
329 2705 0
2865 3043 0
2851 533 0
3263 1456 0
3489 2479 0
2220 2802 0
950 2103 0
2081 1151 0
2469 948 0
1303 1745 0
1500 3248 0
2457 2715 0
1364 2430 0
2872 2516 0
1132 1863 0
3459 1461 0
926 2680 0
862 135 0
3210 483 0
1588 3057 0
2961 165 0
2216 267 0
2265 653 0
1415 1092 0
1600 2717 0
2834 3099 0
2323 1647 0
2170 45 0
436 1398 0
2561 1567 0
3261 2376 0
3027 545 0
1412 245 0
678 980 0
725 2263 0
393 43 0
2425 2608 0
309 1048 0
3260 1722 0
2138 1216 0
797 1330 0
671 3118 0
2975 2840 0
3160 3410 0
597 2077 0
1333 214 0
811 717 0
756 2220 0
961 1433 0
3197 1686 0
53 3590 0
1728 2477 0
2554 2034 0
3523 2171 0
112 2019 0
3386 909 0
3346 416 0
383 2679 0
3253 3542 0
2445 206 0
1978 137 0
419 2786 0
851 1175 0
1363 1809 0
2605 918 0
3494 2655 0
866 1578 0
1491 3420 0
3610 1372 0
1947 78 0
3388 1691 0
984 3092 0
2104 1366 0
2130 1716 0
1267 933 0
1919 3242 0
1067 2338 0
2386 1917 0
3510 107 0
85 2473 0
1023 3576 0
1487 1888 0
1511 2975 0
1664 1477 0
703 3610 0
1554 449 0
1658 2538 0
3540 120 0
260 2026 0
1833 1526 0
2957 111 0
1124 382 0
2446 3508 0
2297 2314 0
3612 2379 0
1143 993 0
2311 2627 0
2881 180 0
1958 901 0
1654 2660 0
868 3206 0
3106 2523 0
2100 3003 0
2640 2359 0
1387 832 0
242 702 0
940 1365 0
1082 3385 0
1231 3378 0
2055 1202 0
2115 3195 0
2194 784 0
2181 1431 0
962 497 0
2330 2613 0
3155 3197 0
